# vim: set fdm=marker :

#########
# Belle #
#########
#
# 2017
#
# {{{
B^0->(Dpi)^+l^-nu::AngularDistribution@Belle-2017A:
    type: MultivariateGaussian
    dim: 30
    observables:
        - B->Dpilnu::P(c_D_min,c_D_max)
        - B->Dpilnu::P(c_D_min,c_D_max)
        - B->Dpilnu::P(c_D_min,c_D_max)
        - B->Dpilnu::P(c_D_min,c_D_max)
        - B->Dpilnu::P(c_D_min,c_D_max)
        - B->Dpilnu::P(c_D_min,c_D_max)
        - B->Dpilnu::P(c_D_min,c_D_max)
        - B->Dpilnu::P(c_D_min,c_D_max)
        - B->Dpilnu::P(c_D_min,c_D_max)
        - B->Dpilnu::P(c_D_min,c_D_max)
        - B->Dpilnu::P(c_l_min,c_l_max)
        - B->Dpilnu::P(c_l_min,c_l_max)
        - B->Dpilnu::P(c_l_min,c_l_max)
        - B->Dpilnu::P(c_l_min,c_l_max)
        - B->Dpilnu::P(c_l_min,c_l_max)
        - B->Dpilnu::P(c_l_min,c_l_max)
        - B->Dpilnu::P(c_l_min,c_l_max)
        - B->Dpilnu::P(c_l_min,c_l_max)
        - B->Dpilnu::P(c_l_min,c_l_max)
        - B->Dpilnu::P(c_l_min,c_l_max)
        - B->Dpilnu::P(phi_min,phi_max)
        - B->Dpilnu::P(phi_min,phi_max)
        - B->Dpilnu::P(phi_min,phi_max)
        - B->Dpilnu::P(phi_min,phi_max)
        - B->Dpilnu::P(phi_min,phi_max)
        - B->Dpilnu::P(phi_min,phi_max)
        - B->Dpilnu::P(phi_min,phi_max)
        - B->Dpilnu::P(phi_min,phi_max)
        - B->Dpilnu::P(phi_min,phi_max)
        - B->Dpilnu::P(phi_min,phi_max)
    kinematics:
        - { c_D_min: -1.0, c_D_max: -0.8 }
        - { c_D_min: -0.8, c_D_max: -0.6 }
        - { c_D_min: -0.6, c_D_max: -0.4 }
        - { c_D_min: -0.4, c_D_max: -0.2 }
        - { c_D_min: -0.2, c_D_max:  0.0 }
        - { c_D_min:  0.0, c_D_max: +0.2 }
        - { c_D_min: +0.2, c_D_max: +0.4 }
        - { c_D_min: +0.4, c_D_max: +0.6 }
        - { c_D_min: +0.6, c_D_max: +0.8 }
        - { c_D_min: +0.8, c_D_max: +1.0 }
        - { c_l_min: -1.0, c_l_max: -0.8 }
        - { c_l_min: -0.8, c_l_max: -0.6 }
        - { c_l_min: -0.6, c_l_max: -0.4 }
        - { c_l_min: -0.4, c_l_max: -0.2 }
        - { c_l_min: -0.2, c_l_max:  0.0 }
        - { c_l_min:  0.0, c_l_max: +0.2 }
        - { c_l_min: +0.2, c_l_max: +0.4 }
        - { c_l_min: +0.4, c_l_max: +0.6 }
        - { c_l_min: +0.6, c_l_max: +0.8 }
        - { c_l_min: +0.8, c_l_max: +1.0 }
        - { phi_min: 0.00000, phi_max: 0.62832}
        - { phi_min: 0.62832, phi_max: 1.25664}
        - { phi_min: 1.25664, phi_max: 1.88496}
        - { phi_min: 1.88496, phi_max: 2.51327}
        - { phi_min: 2.51327, phi_max: 3.14159}
        - { phi_min: 3.14159, phi_max: 3.76991}
        - { phi_min: 3.76991, phi_max: 4.39823}
        - { phi_min: 4.39823, phi_max: 5.02655}
        - { phi_min: 5.02655, phi_max: 5.65487}
        - { phi_min: 5.65487, phi_max: 6.28319}
    options:
        - { }
        - { }
        - { }
        - { }
        - { }
        - { }
        - { }
        - { }
        - { }
        - { }
        - { }
        - { }
        - { }
        - { }
        - { }
        - { }
        - { }
        - { }
        - { }
        - { }
        - { }
        - { }
        - { }
        - { }
        - { }
        - { }
        - { }
        - { }
        - { }
        - { }
    means:
        [0.130812,  0.10717,   0.0908634, 0.0791902, 0.0738015, 0.0769854,
         0.0826443, 0.0931206, 0.116769,  0.148643,  0.0341826, 0.0552621,
         0.0769351, 0.0956842, 0.109996,  0.117562,  0.119343,  0.125834,
         0.132907,  0.132295,  0.0868012, 0.107906,  0.120723,  0.110497,
         0.0908445, 0.0874991, 0.0986074, 0.108577,  0.10047,   0.0880744]
    sigma-stat-hi:
        [0.00923695, 0.00660518, 0.00624595, 0.00544458, 0.0053666,
         0.00533497, 0.00563714, 0.00657511, 0.00775803, 0.0117587,
         0.00350316, 0.00455994, 0.00529016, 0.0063716,  0.00706342,
         0.00748068, 0.00740808, 0.00772961, 0.00988228, 0.0116069,
         0.00748548, 0.00742899, 0.00768956, 0.00734192, 0.00609024,
         0.00712093, 0.0069894,  0.00741881, 0.00705331, 0.00757905]
    sigma-stat-lo:
        [0.00923695, 0.00660518, 0.00624595, 0.00544458, 0.0053666,
         0.00533497, 0.00563714, 0.00657511, 0.00775803, 0.0117587,
         0.00350316, 0.00455994, 0.00529016, 0.0063716,  0.00706342,
         0.00748068, 0.00740808, 0.00772961, 0.00988228, 0.0116069,
         0.00748548, 0.00742899, 0.00768956, 0.00734192, 0.00609024,
         0.00712093, 0.0069894,  0.00741881, 0.00705331, 0.00757905]
    sigma-sys:
        [0.0, 0.0, 0.0, 0.0, 0.0, 0.0, 0.0, 0.0, 0.0, 0.0,
         0.0, 0.0, 0.0, 0.0, 0.0, 0.0, 0.0, 0.0, 0.0, 0.0,
         0.0, 0.0, 0.0, 0.0, 0.0, 0.0, 0.0, 0.0, 0.0, 0.0]
    correlations:
        - [1.,       0.661204, 0.355948, 0.294134, 0.32945,  0.334779,
           0.31894,  0.343647, 0.335316, 0.312471, 0.314242, 0.350849,
           0.388902, 0.394738, 0.403927, 0.394654, 0.375517, 0.373712,
           0.38582,  0.334803, 0.277933, 0.36975,  0.421287, 0.412421,
           0.407831, 0.389052, 0.407084, 0.391449, 0.3848,   0.349362]
        - [0.661204, 1.,       0.749362, 0.529185, 0.387032, 0.361782,
           0.356278, 0.36801,  0.394115, 0.367483, 0.369316, 0.420603,
           0.467906, 0.453287, 0.460378, 0.454268, 0.43056,  0.433294,
           0.387236, 0.330243, 0.327141, 0.397792, 0.466587, 0.472331,
           0.486699, 0.398044, 0.439638, 0.436206, 0.421835, 0.38183 ]
        - [0.355948, 0.749362, 1.,       0.867587, 0.68763,  0.538604,
           0.452224, 0.518911, 0.5094,   0.484741, 0.430019, 0.496353,
           0.563599, 0.588141, 0.593102, 0.583864, 0.522837, 0.557061,
           0.600156, 0.539719, 0.440758, 0.497352, 0.561849, 0.61788,
           0.627959, 0.630413, 0.580147, 0.578523, 0.561484, 0.525012]
        - [0.294134, 0.529185, 0.867587, 1.,       0.886785, 0.713981,
           0.550383, 0.513919, 0.480927, 0.446975, 0.4202,   0.498846,
           0.577137, 0.603367, 0.610286, 0.59201,  0.540282, 0.561345,
           0.565449, 0.511158, 0.426607, 0.483877, 0.566054, 0.619636,
           0.63475,  0.604265, 0.57424,  0.574208, 0.57363,  0.525629]
        - [0.32945,  0.387032, 0.68763,  0.886785, 1.,       0.904198,
           0.685858, 0.585036, 0.47474,  0.443103, 0.386785, 0.461346,
           0.560605, 0.620178, 0.627443, 0.614605, 0.547382, 0.577681,
           0.626987, 0.583952, 0.450783, 0.516799, 0.579582, 0.636179,
           0.63656,  0.660226, 0.604608, 0.604388, 0.599303, 0.556395]
        - [0.334779, 0.361782, 0.538604, 0.713981, 0.904198, 1.,
           0.874798, 0.664662, 0.473586, 0.382815, 0.39001,  0.458544,
           0.5471,   0.595363, 0.609835, 0.600806, 0.560356, 0.586853,
           0.559669, 0.500787, 0.414138, 0.491153, 0.559877, 0.595488,
           0.598531, 0.578539, 0.583308, 0.599962, 0.595576, 0.533571]
        - [0.31894,  0.356278, 0.452224, 0.550383, 0.685858, 0.874798,
           1.,       0.850386, 0.5895,   0.36918,  0.397739, 0.460757,
           0.524372, 0.547833, 0.578581, 0.576891, 0.549395, 0.567574,
           0.49297,  0.425794, 0.379183, 0.457301, 0.528004, 0.537924,
           0.546576, 0.496385, 0.549253, 0.581308, 0.578358, 0.501535]
        - [0.343647, 0.36801,  0.518911, 0.513919, 0.585036, 0.664662,
           0.850386, 1.,       0.832222, 0.565668, 0.418397, 0.476724,
           0.533383, 0.566247, 0.594299, 0.603776, 0.540279, 0.564841,
           0.594165, 0.54135,  0.439094, 0.500873, 0.546279, 0.587439,
           0.591405, 0.621194, 0.607689, 0.610357, 0.598285, 0.545682]
        - [0.335316, 0.394115, 0.5094,   0.480927, 0.47474,  0.473585,
           0.5895,   0.832222, 1.,       0.852663, 0.38829,  0.451993,
           0.506069, 0.534313, 0.559471, 0.569637, 0.522299, 0.522649,
           0.523796, 0.472378, 0.441351, 0.489135, 0.520444, 0.558947,
           0.566545, 0.552476, 0.570593, 0.570676, 0.56385, 0.501169]
        - [0.312471, 0.367483, 0.484741, 0.446975, 0.443103, 0.382815,
           0.36918,  0.565668, 0.852663, 1.,       0.319277, 0.375323,
           0.447319, 0.503789, 0.519808, 0.517736, 0.453139, 0.452334,
           0.513545, 0.484007, 0.407314, 0.465511, 0.470191, 0.502904,
           0.504008, 0.535514, 0.532678, 0.532067, 0.520582, 0.465579]
        - [0.314242, 0.369316, 0.430019, 0.4202,   0.386785, 0.39001,
           0.397739, 0.418397, 0.38829,  0.319277, 1.,       0.934159,
           0.669283, 0.363369, 0.279561, 0.305254, 0.332837, 0.365237,
           0.344273, 0.291983, 0.287925, 0.329542, 0.364684, 0.39158,
           0.429228, 0.413949, 0.42775,  0.398049, 0.378858, 0.33155]
        - [0.350849, 0.420603, 0.496353, 0.498846, 0.461346, 0.458543,
           0.460757, 0.476724, 0.451993, 0.375323, 0.934159, 1.,
           0.847286, 0.526734, 0.382165, 0.369764, 0.396196, 0.428742,
           0.394572, 0.331192, 0.335451, 0.388912, 0.439575, 0.461829,
           0.5006,   0.463754, 0.482626, 0.454575, 0.438722, 0.390283]
        - [0.388902, 0.467906, 0.563599, 0.577137, 0.560605, 0.5471,
           0.524372, 0.533383, 0.506069, 0.44732,  0.669283, 0.847286,
           1.,       0.830684, 0.597032, 0.472541, 0.456859, 0.489049,
           0.471491, 0.412836, 0.382814, 0.442957, 0.507074, 0.535744,
           0.570813, 0.533902, 0.547499, 0.529311, 0.512117, 0.471779]
        - [0.394738, 0.453287, 0.588141, 0.603367, 0.620178, 0.595363,
           0.547833, 0.566247, 0.534313, 0.503789, 0.363369, 0.526734,
           0.830684, 1.,       0.861364, 0.632252, 0.494376, 0.502821,
           0.541155, 0.499352, 0.413065, 0.477848, 0.54037,  0.581346,
           0.597746, 0.589896, 0.585584, 0.581533, 0.551756, 0.504196]
        - [0.403927, 0.460378, 0.593102, 0.610286, 0.627443, 0.609835,
           0.578581, 0.594299, 0.559471, 0.519808, 0.279561, 0.382165,
           0.597032, 0.861364, 1.,       0.856788, 0.609868, 0.508782,
           0.522026, 0.498241, 0.412676, 0.484371, 0.545452, 0.586209,
           0.601264, 0.584608, 0.590372, 0.593475, 0.56667,  0.499079]
        - [0.394654, 0.454268, 0.583864, 0.592011, 0.614605, 0.600806,
           0.576891, 0.603776, 0.569637, 0.517736, 0.305254, 0.369764,
           0.472541, 0.632252, 0.856788, 1.,       0.820709, 0.595899,
           0.527135, 0.494762, 0.425879, 0.497981, 0.541523, 0.585298,
           0.601605, 0.583604, 0.579452, 0.585752, 0.572322, 0.504288]
        - [0.375517, 0.43056,  0.522837, 0.540282, 0.547382, 0.560356,
           0.549395, 0.540279, 0.522299, 0.453139, 0.332837, 0.396196,
           0.456859, 0.494376, 0.609868, 0.820709, 1.,       0.830615,
           0.534816, 0.381161, 0.385674, 0.467363, 0.531648, 0.539538,
           0.562812, 0.507857, 0.534392, 0.525992, 0.528112, 0.462851]
        - [0.373712, 0.433294, 0.557061, 0.561345, 0.577681, 0.586853,
           0.567574, 0.564841, 0.522649, 0.452334, 0.365237, 0.428742,
           0.489049, 0.502821, 0.508782, 0.595899, 0.830616, 1., 
           0.736107, 0.458808, 0.39638,  0.488921, 0.553798, 0.549853,
           0.563098, 0.553164, 0.566457, 0.554527, 0.548352, 0.490262]
        - [0.38582,  0.387236, 0.600156, 0.565449, 0.626987, 0.559669,
           0.49297,  0.594165, 0.523796, 0.513545, 0.344273, 0.394572,
           0.471491, 0.541155, 0.522026, 0.527135, 0.534816, 0.736107,
           1.,       0.866795, 0.436236, 0.510666, 0.535643, 0.588183,
           0.58158,  0.70473,  0.611321, 0.588951, 0.558234, 0.539642]
        - [0.334803, 0.330243, 0.539719, 0.511158, 0.583952, 0.500787,
           0.425794, 0.54135,  0.472378, 0.484007, 0.291983, 0.331192,
           0.412836, 0.499352, 0.498241, 0.494762, 0.381161, 0.458808,
           0.866795, 1.,       0.399357, 0.456889, 0.466696, 0.545721,
           0.531738, 0.663721, 0.554945, 0.54976,  0.522943, 0.519853]
        - [0.277933, 0.327141, 0.440758, 0.426607, 0.450783, 0.414138,
           0.379183, 0.439094, 0.441351, 0.407314, 0.287925, 0.335451,
           0.382814, 0.413065, 0.412676, 0.425879, 0.385674, 0.39638,
           0.436236, 0.399357, 1.,       0.864995, 0.476535, 0.366296,
           0.386949, 0.451428, 0.435439, 0.381346, 0.290585, 0.261603]
        - [0.36975,  0.397792, 0.497352, 0.483876, 0.516799, 0.491153,
           0.457301, 0.500873, 0.489135, 0.465511, 0.329542, 0.388912,
           0.442957, 0.477848, 0.484371, 0.497981, 0.467363, 0.488921,
           0.510666, 0.456889, 0.864995, 1.,       0.76966,  0.550128,
           0.469031, 0.489664, 0.485529, 0.446098, 0.373003, 0.324782]
        - [0.421287, 0.466587, 0.561849, 0.566054, 0.579582, 0.559877,
           0.528004, 0.546279, 0.520444, 0.470191, 0.364684, 0.439575,
           0.507074, 0.54037, 0.545452,  0.541523, 0.531648, 0.553798,
           0.535643, 0.466696, 0.476535, 0.76966,  1.,       0.850459,
           0.649665, 0.521281, 0.50705, 0.492019,  0.476387, 0.429447]
        - [0.412421, 0.472331, 0.61788,  0.619636, 0.636179, 0.595488,
           0.537924, 0.587439, 0.558947, 0.502904, 0.39158,  0.461829,
           0.535744, 0.581346, 0.586209, 0.585298, 0.539538, 0.549853,
           0.588183, 0.545721, 0.366296, 0.550128, 0.850459, 1.,
           0.873381, 0.665398, 0.549638, 0.519585, 0.525497, 0.497298]
        - [0.407831, 0.486699, 0.627959, 0.63475,  0.63656,  0.598531,
           0.546576, 0.591405, 0.566545, 0.504008, 0.429228, 0.5006,
           0.570813, 0.597746, 0.601264, 0.601605, 0.562812, 0.563098,
           0.58158,  0.531738, 0.386949, 0.469031, 0.649665, 0.873381,
           1.,       0.828987, 0.665494, 0.538011, 0.496064, 0.468187]
        - [0.389053, 0.398044, 0.630413, 0.604265, 0.660226, 0.578538,
           0.496385, 0.621194, 0.552476, 0.535514, 0.413949, 0.463754,
           0.533902, 0.589896, 0.584608, 0.583604, 0.507857, 0.553164,
           0.70473,  0.663721, 0.451428, 0.489664, 0.521281, 0.665398,
           0.828987, 1.,       0.849272, 0.657492, 0.506803, 0.470658]
        - [0.407084, 0.439638, 0.580147, 0.57424,  0.604608, 0.583308,
           0.549253, 0.607689, 0.570593, 0.532678, 0.42775,  0.482626,
           0.547499, 0.585584, 0.590372, 0.579452, 0.534392, 0.566457,
           0.611321, 0.554945, 0.435439, 0.485529, 0.50705,  0.549638,
           0.665494, 0.849272, 1.,       0.850922, 0.573562, 0.419953]
        - [0.391449, 0.436206, 0.578523, 0.574208, 0.604388, 0.599962,
           0.581308, 0.610357, 0.570676, 0.532067, 0.398049, 0.454575,
           0.529311, 0.581533, 0.593475, 0.585752, 0.525992, 0.554527,
           0.588951, 0.54976,  0.381346, 0.446098, 0.492019, 0.519585,
           0.538011, 0.657492, 0.850923, 1.,       0.81009,  0.565412]
        - [0.3848,   0.421835, 0.561484, 0.57363,  0.599303, 0.595576,
           0.578358, 0.598285, 0.56385,  0.520582, 0.378858, 0.438722,
           0.512117, 0.551756, 0.56667,  0.572322, 0.528112, 0.548352,
           0.558234, 0.522943, 0.290585, 0.373003, 0.476387, 0.525497,
           0.496064, 0.506803, 0.573562, 0.81009,  1.,       0.87824 ]
        - [0.349362, 0.38183,  0.525012, 0.525629, 0.556395, 0.533571,
           0.501535, 0.545683, 0.501169, 0.465579, 0.331549, 0.390283,
           0.471779, 0.504196, 0.499079, 0.504288, 0.462851, 0.490262,
           0.539642, 0.519853, 0.261603, 0.324782, 0.429447, 0.497298,
           0.468187, 0.470658, 0.419953, 0.565412, 0.87824,  1.      ]
    dof: 30
# }}}
