# vim: set fdm=marker :

#########
# Belle #
#########
#
# 2017
#
# {{{
B^0->(Dpi)^+l^-nu::KinematicalDistribution[w]@Belle-2017A:
    type: MultivariateGaussian
    dim: 9
    observables:
        - B->Dpilnu::P(w_min,w_max)
        - B->Dpilnu::P(w_min,w_max)
        - B->Dpilnu::P(w_min,w_max)
        - B->Dpilnu::P(w_min,w_max)
        - B->Dpilnu::P(w_min,w_max)
        - B->Dpilnu::P(w_min,w_max)
        - B->Dpilnu::P(w_min,w_max)
        - B->Dpilnu::P(w_min,w_max)
        - B->Dpilnu::P(w_min,w_max)
    kinematics:
        - { w_min: 1.0002, w_max: 1.05  }
        - { w_min: 1.05,   w_max: 1.10  }
        - { w_min: 1.10,   w_max: 1.15  }
        - { w_min: 1.15,   w_max: 1.20  }
        - { w_min: 1.20,   w_max: 1.25  }
        - { w_min: 1.25,   w_max: 1.30  }
        - { w_min: 1.30,   w_max: 1.35  }
        - { w_min: 1.35,   w_max: 1.40  }
        - { w_min: 1.40,   w_max: 1.45  }
    options:
        - { }
        - { }
        - { }
        - { }
        - { }
        - { }
        - { }
        - { }
        - { }
    means:
        [1.215694,  1.912209,  2.2047068, 2.3628493, 2.4226691, 2.2698780, 2.07202413,1.91759565,1.83386953]
    sigma-stat-hi:
        [0.1059042, 0.1381144, 0.14111242,0.15088687,0.14518569,0.13849883,0.13032201,0.1269580, 0.11898733]
    sigma-stat-lo:
        [0.1059042, 0.1381144, 0.14111242,0.15088687,0.14518569,0.13849883,0.13032201,0.1269580, 0.11898733]
    sigma-sys:
        [0.0,       0.0,       0.0,       0.0,       0.0,       0.0,       0.0,       0.0,       0.0       ]
    correlations:
        - [1.0,       0.9198639, 0.6031224, 0.3507121, 0.2978477, 0.3353124, 0.3760429, 0.4006477, 0.3718988]
        - [0.9198639, 0.9999999, 0.7999673, 0.4993052, 0.3916978, 0.4002674, 0.4389338, 0.4512786, 0.4290042]
        - [0.6031224, 0.7999673, 1.0,       0.8321059, 0.5983163, 0.517828,  0.5228921, 0.5532238, 0.5242777]
        - [0.3507121, 0.4993052, 0.832106,  1.0,       0.8305211, 0.6507897, 0.5524676, 0.5724568, 0.5447906]
        - [0.2978477, 0.3916978, 0.5983163, 0.8305212, 1.0,       0.847231,  0.5922797, 0.4947789, 0.4958819]
        - [0.3353124, 0.4002674, 0.517828,  0.6507897, 0.847231,  1.0,       0.8118079, 0.6020515, 0.4913688]
        - [0.3760429, 0.4389338, 0.5228921, 0.5524676, 0.5922797, 0.8118079, 1.0,       0.8512704, 0.6096553]
        - [0.4006477, 0.4512786, 0.5532237, 0.5724568, 0.4947789, 0.6020515, 0.8512704, 0.9999999, 0.8254023]
        - [0.3718988, 0.4290042, 0.5242777, 0.5447906, 0.4958819, 0.4913688, 0.6096553, 0.8254024, 1.0      ]
    dof: 9

B^0->(Dpi)^+l^-nu::KinematicalDistribution[c_D,c_l,chi]@Belle-2017A:
    type: MultivariateGaussian
    dim: 30
    observables:
        - B->Dpilnu::P(c_D_min,c_D_max)
        - B->Dpilnu::P(c_D_min,c_D_max)
        - B->Dpilnu::P(c_D_min,c_D_max)
        - B->Dpilnu::P(c_D_min,c_D_max)
        - B->Dpilnu::P(c_D_min,c_D_max)
        - B->Dpilnu::P(c_D_min,c_D_max)
        - B->Dpilnu::P(c_D_min,c_D_max)
        - B->Dpilnu::P(c_D_min,c_D_max)
        - B->Dpilnu::P(c_D_min,c_D_max)
        - B->Dpilnu::P(c_D_min,c_D_max)
        - B->Dpilnu::P(c_l_min,c_l_max)
        - B->Dpilnu::P(c_l_min,c_l_max)
        - B->Dpilnu::P(c_l_min,c_l_max)
        - B->Dpilnu::P(c_l_min,c_l_max)
        - B->Dpilnu::P(c_l_min,c_l_max)
        - B->Dpilnu::P(c_l_min,c_l_max)
        - B->Dpilnu::P(c_l_min,c_l_max)
        - B->Dpilnu::P(c_l_min,c_l_max)
        - B->Dpilnu::P(c_l_min,c_l_max)
        - B->Dpilnu::P(c_l_min,c_l_max)
        - B->Dpilnu::P(chi_min,chi_max)
        - B->Dpilnu::P(chi_min,chi_max)
        - B->Dpilnu::P(chi_min,chi_max)
        - B->Dpilnu::P(chi_min,chi_max)
        - B->Dpilnu::P(chi_min,chi_max)
        - B->Dpilnu::P(chi_min,chi_max)
        - B->Dpilnu::P(chi_min,chi_max)
        - B->Dpilnu::P(chi_min,chi_max)
        - B->Dpilnu::P(chi_min,chi_max)
        - B->Dpilnu::P(chi_min,chi_max)
    kinematics:
        - { c_D_min: -1.0, c_D_max: -0.8 }
        - { c_D_min: -0.8, c_D_max: -0.6 }
        - { c_D_min: -0.6, c_D_max: -0.4 }
        - { c_D_min: -0.4, c_D_max: -0.2 }
        - { c_D_min: -0.2, c_D_max:  0.0 }
        - { c_D_min:  0.0, c_D_max: +0.2 }
        - { c_D_min: +0.2, c_D_max: +0.4 }
        - { c_D_min: +0.4, c_D_max: +0.6 }
        - { c_D_min: +0.6, c_D_max: +0.8 }
        - { c_D_min: +0.8, c_D_max: +1.0 }
        - { c_l_min: -1.0, c_l_max: -0.8 }
        - { c_l_min: -0.8, c_l_max: -0.6 }
        - { c_l_min: -0.6, c_l_max: -0.4 }
        - { c_l_min: -0.4, c_l_max: -0.2 }
        - { c_l_min: -0.2, c_l_max:  0.0 }
        - { c_l_min:  0.0, c_l_max: +0.2 }
        - { c_l_min: +0.2, c_l_max: +0.4 }
        - { c_l_min: +0.4, c_l_max: +0.6 }
        - { c_l_min: +0.6, c_l_max: +0.8 }
        - { c_l_min: +0.8, c_l_max: +1.0 }
        - { chi_min: 0.00000, chi_max: 0.62832}
        - { chi_min: 0.62832, chi_max: 1.25664}
        - { chi_min: 1.25664, chi_max: 1.88496}
        - { chi_min: 1.88496, chi_max: 2.51327}
        - { chi_min: 2.51327, chi_max: 3.14159}
        - { chi_min: 3.14159, chi_max: 3.76991}
        - { chi_min: 3.76991, chi_max: 4.39823}
        - { chi_min: 4.39823, chi_max: 5.02655}
        - { chi_min: 5.02655, chi_max: 5.65487}
        - { chi_min: 5.65487, chi_max: 6.28319}
    options:
        - { }
        - { }
        - { }
        - { }
        - { }
        - { }
        - { }
        - { }
        - { }
        - { }
        - { }
        - { }
        - { }
        - { }
        - { }
        - { }
        - { }
        - { }
        - { }
        - { }
        - { }
        - { }
        - { }
        - { }
        - { }
        - { }
        - { }
        - { }
        - { }
        - { }
    means:
        [0.130812,  0.10717,   0.0908634, 0.0791902, 0.0738015, 0.0769854,
         0.0826443, 0.0931206, 0.116769,  0.148643,  0.0341826, 0.0552621,
         0.0769351, 0.0956842, 0.109996,  0.117562,  0.119343,  0.125834,
         0.132907,  0.132295,  0.0868012, 0.107906,  0.120723,  0.110497,
         0.0908445, 0.0874991, 0.0986074, 0.108577,  0.10047,   0.0880744]
    sigma-stat-hi:
        [0.00923695, 0.00660518, 0.00624595, 0.00544458, 0.0053666,
         0.00533497, 0.00563714, 0.00657511, 0.00775803, 0.0117587,
         0.00350316, 0.00455994, 0.00529016, 0.0063716,  0.00706342,
         0.00748068, 0.00740808, 0.00772961, 0.00988228, 0.0116069,
         0.00748548, 0.00742899, 0.00768956, 0.00734192, 0.00609024,
         0.00712093, 0.0069894,  0.00741881, 0.00705331, 0.00757905]
    sigma-stat-lo:
        [0.00923695, 0.00660518, 0.00624595, 0.00544458, 0.0053666,
         0.00533497, 0.00563714, 0.00657511, 0.00775803, 0.0117587,
         0.00350316, 0.00455994, 0.00529016, 0.0063716,  0.00706342,
         0.00748068, 0.00740808, 0.00772961, 0.00988228, 0.0116069,
         0.00748548, 0.00742899, 0.00768956, 0.00734192, 0.00609024,
         0.00712093, 0.0069894,  0.00741881, 0.00705331, 0.00757905]
    sigma-sys:
        [0.0, 0.0, 0.0, 0.0, 0.0, 0.0, 0.0, 0.0, 0.0, 0.0,
         0.0, 0.0, 0.0, 0.0, 0.0, 0.0, 0.0, 0.0, 0.0, 0.0,
         0.0, 0.0, 0.0, 0.0, 0.0, 0.0, 0.0, 0.0, 0.0, 0.0]
    correlations:
        - [1.,       0.661204, 0.355948, 0.294134, 0.32945,  0.334779,
           0.31894,  0.343647, 0.335316, 0.312471, 0.314242, 0.350849,
           0.388902, 0.394738, 0.403927, 0.394654, 0.375517, 0.373712,
           0.38582,  0.334803, 0.277933, 0.36975,  0.421287, 0.412421,
           0.407831, 0.389052, 0.407084, 0.391449, 0.3848,   0.349362]
        - [0.661204, 1.,       0.749362, 0.529185, 0.387032, 0.361782,
           0.356278, 0.36801,  0.394115, 0.367483, 0.369316, 0.420603,
           0.467906, 0.453287, 0.460378, 0.454268, 0.43056,  0.433294,
           0.387236, 0.330243, 0.327141, 0.397792, 0.466587, 0.472331,
           0.486699, 0.398044, 0.439638, 0.436206, 0.421835, 0.38183 ]
        - [0.355948, 0.749362, 1.,       0.867587, 0.68763,  0.538604,
           0.452224, 0.518911, 0.5094,   0.484741, 0.430019, 0.496353,
           0.563599, 0.588141, 0.593102, 0.583864, 0.522837, 0.557061,
           0.600156, 0.539719, 0.440758, 0.497352, 0.561849, 0.61788,
           0.627959, 0.630413, 0.580147, 0.578523, 0.561484, 0.525012]
        - [0.294134, 0.529185, 0.867587, 1.,       0.886785, 0.713981,
           0.550383, 0.513919, 0.480927, 0.446975, 0.4202,   0.498846,
           0.577137, 0.603367, 0.610286, 0.59201,  0.540282, 0.561345,
           0.565449, 0.511158, 0.426607, 0.483877, 0.566054, 0.619636,
           0.63475,  0.604265, 0.57424,  0.574208, 0.57363,  0.525629]
        - [0.32945,  0.387032, 0.68763,  0.886785, 1.,       0.904198,
           0.685858, 0.585036, 0.47474,  0.443103, 0.386785, 0.461346,
           0.560605, 0.620178, 0.627443, 0.614605, 0.547382, 0.577681,
           0.626987, 0.583952, 0.450783, 0.516799, 0.579582, 0.636179,
           0.63656,  0.660226, 0.604608, 0.604388, 0.599303, 0.556395]
        - [0.334779, 0.361782, 0.538604, 0.713981, 0.904198, 1.,
           0.874798, 0.664662, 0.473586, 0.382815, 0.39001,  0.458544,
           0.5471,   0.595363, 0.609835, 0.600806, 0.560356, 0.586853,
           0.559669, 0.500787, 0.414138, 0.491153, 0.559877, 0.595488,
           0.598531, 0.578539, 0.583308, 0.599962, 0.595576, 0.533571]
        - [0.31894,  0.356278, 0.452224, 0.550383, 0.685858, 0.874798,
           1.,       0.850386, 0.5895,   0.36918,  0.397739, 0.460757,
           0.524372, 0.547833, 0.578581, 0.576891, 0.549395, 0.567574,
           0.49297,  0.425794, 0.379183, 0.457301, 0.528004, 0.537924,
           0.546576, 0.496385, 0.549253, 0.581308, 0.578358, 0.501535]
        - [0.343647, 0.36801,  0.518911, 0.513919, 0.585036, 0.664662,
           0.850386, 1.,       0.832222, 0.565668, 0.418397, 0.476724,
           0.533383, 0.566247, 0.594299, 0.603776, 0.540279, 0.564841,
           0.594165, 0.54135,  0.439094, 0.500873, 0.546279, 0.587439,
           0.591405, 0.621194, 0.607689, 0.610357, 0.598285, 0.545682]
        - [0.335316, 0.394115, 0.5094,   0.480927, 0.47474,  0.473585,
           0.5895,   0.832222, 1.,       0.852663, 0.38829,  0.451993,
           0.506069, 0.534313, 0.559471, 0.569637, 0.522299, 0.522649,
           0.523796, 0.472378, 0.441351, 0.489135, 0.520444, 0.558947,
           0.566545, 0.552476, 0.570593, 0.570676, 0.56385, 0.501169]
        - [0.312471, 0.367483, 0.484741, 0.446975, 0.443103, 0.382815,
           0.36918,  0.565668, 0.852663, 1.,       0.319277, 0.375323,
           0.447319, 0.503789, 0.519808, 0.517736, 0.453139, 0.452334,
           0.513545, 0.484007, 0.407314, 0.465511, 0.470191, 0.502904,
           0.504008, 0.535514, 0.532678, 0.532067, 0.520582, 0.465579]
        - [0.314242, 0.369316, 0.430019, 0.4202,   0.386785, 0.39001,
           0.397739, 0.418397, 0.38829,  0.319277, 1.,       0.934159,
           0.669283, 0.363369, 0.279561, 0.305254, 0.332837, 0.365237,
           0.344273, 0.291983, 0.287925, 0.329542, 0.364684, 0.39158,
           0.429228, 0.413949, 0.42775,  0.398049, 0.378858, 0.33155]
        - [0.350849, 0.420603, 0.496353, 0.498846, 0.461346, 0.458543,
           0.460757, 0.476724, 0.451993, 0.375323, 0.934159, 1.,
           0.847286, 0.526734, 0.382165, 0.369764, 0.396196, 0.428742,
           0.394572, 0.331192, 0.335451, 0.388912, 0.439575, 0.461829,
           0.5006,   0.463754, 0.482626, 0.454575, 0.438722, 0.390283]
        - [0.388902, 0.467906, 0.563599, 0.577137, 0.560605, 0.5471,
           0.524372, 0.533383, 0.506069, 0.44732,  0.669283, 0.847286,
           1.,       0.830684, 0.597032, 0.472541, 0.456859, 0.489049,
           0.471491, 0.412836, 0.382814, 0.442957, 0.507074, 0.535744,
           0.570813, 0.533902, 0.547499, 0.529311, 0.512117, 0.471779]
        - [0.394738, 0.453287, 0.588141, 0.603367, 0.620178, 0.595363,
           0.547833, 0.566247, 0.534313, 0.503789, 0.363369, 0.526734,
           0.830684, 1.,       0.861364, 0.632252, 0.494376, 0.502821,
           0.541155, 0.499352, 0.413065, 0.477848, 0.54037,  0.581346,
           0.597746, 0.589896, 0.585584, 0.581533, 0.551756, 0.504196]
        - [0.403927, 0.460378, 0.593102, 0.610286, 0.627443, 0.609835,
           0.578581, 0.594299, 0.559471, 0.519808, 0.279561, 0.382165,
           0.597032, 0.861364, 1.,       0.856788, 0.609868, 0.508782,
           0.522026, 0.498241, 0.412676, 0.484371, 0.545452, 0.586209,
           0.601264, 0.584608, 0.590372, 0.593475, 0.56667,  0.499079]
        - [0.394654, 0.454268, 0.583864, 0.592011, 0.614605, 0.600806,
           0.576891, 0.603776, 0.569637, 0.517736, 0.305254, 0.369764,
           0.472541, 0.632252, 0.856788, 1.,       0.820709, 0.595899,
           0.527135, 0.494762, 0.425879, 0.497981, 0.541523, 0.585298,
           0.601605, 0.583604, 0.579452, 0.585752, 0.572322, 0.504288]
        - [0.375517, 0.43056,  0.522837, 0.540282, 0.547382, 0.560356,
           0.549395, 0.540279, 0.522299, 0.453139, 0.332837, 0.396196,
           0.456859, 0.494376, 0.609868, 0.820709, 1.,       0.830615,
           0.534816, 0.381161, 0.385674, 0.467363, 0.531648, 0.539538,
           0.562812, 0.507857, 0.534392, 0.525992, 0.528112, 0.462851]
        - [0.373712, 0.433294, 0.557061, 0.561345, 0.577681, 0.586853,
           0.567574, 0.564841, 0.522649, 0.452334, 0.365237, 0.428742,
           0.489049, 0.502821, 0.508782, 0.595899, 0.830616, 1., 
           0.736107, 0.458808, 0.39638,  0.488921, 0.553798, 0.549853,
           0.563098, 0.553164, 0.566457, 0.554527, 0.548352, 0.490262]
        - [0.38582,  0.387236, 0.600156, 0.565449, 0.626987, 0.559669,
           0.49297,  0.594165, 0.523796, 0.513545, 0.344273, 0.394572,
           0.471491, 0.541155, 0.522026, 0.527135, 0.534816, 0.736107,
           1.,       0.866795, 0.436236, 0.510666, 0.535643, 0.588183,
           0.58158,  0.70473,  0.611321, 0.588951, 0.558234, 0.539642]
        - [0.334803, 0.330243, 0.539719, 0.511158, 0.583952, 0.500787,
           0.425794, 0.54135,  0.472378, 0.484007, 0.291983, 0.331192,
           0.412836, 0.499352, 0.498241, 0.494762, 0.381161, 0.458808,
           0.866795, 1.,       0.399357, 0.456889, 0.466696, 0.545721,
           0.531738, 0.663721, 0.554945, 0.54976,  0.522943, 0.519853]
        - [0.277933, 0.327141, 0.440758, 0.426607, 0.450783, 0.414138,
           0.379183, 0.439094, 0.441351, 0.407314, 0.287925, 0.335451,
           0.382814, 0.413065, 0.412676, 0.425879, 0.385674, 0.39638,
           0.436236, 0.399357, 1.,       0.864995, 0.476535, 0.366296,
           0.386949, 0.451428, 0.435439, 0.381346, 0.290585, 0.261603]
        - [0.36975,  0.397792, 0.497352, 0.483876, 0.516799, 0.491153,
           0.457301, 0.500873, 0.489135, 0.465511, 0.329542, 0.388912,
           0.442957, 0.477848, 0.484371, 0.497981, 0.467363, 0.488921,
           0.510666, 0.456889, 0.864995, 1.,       0.76966,  0.550128,
           0.469031, 0.489664, 0.485529, 0.446098, 0.373003, 0.324782]
        - [0.421287, 0.466587, 0.561849, 0.566054, 0.579582, 0.559877,
           0.528004, 0.546279, 0.520444, 0.470191, 0.364684, 0.439575,
           0.507074, 0.54037, 0.545452,  0.541523, 0.531648, 0.553798,
           0.535643, 0.466696, 0.476535, 0.76966,  1.,       0.850459,
           0.649665, 0.521281, 0.50705, 0.492019,  0.476387, 0.429447]
        - [0.412421, 0.472331, 0.61788,  0.619636, 0.636179, 0.595488,
           0.537924, 0.587439, 0.558947, 0.502904, 0.39158,  0.461829,
           0.535744, 0.581346, 0.586209, 0.585298, 0.539538, 0.549853,
           0.588183, 0.545721, 0.366296, 0.550128, 0.850459, 1.,
           0.873381, 0.665398, 0.549638, 0.519585, 0.525497, 0.497298]
        - [0.407831, 0.486699, 0.627959, 0.63475,  0.63656,  0.598531,
           0.546576, 0.591405, 0.566545, 0.504008, 0.429228, 0.5006,
           0.570813, 0.597746, 0.601264, 0.601605, 0.562812, 0.563098,
           0.58158,  0.531738, 0.386949, 0.469031, 0.649665, 0.873381,
           1.,       0.828987, 0.665494, 0.538011, 0.496064, 0.468187]
        - [0.389053, 0.398044, 0.630413, 0.604265, 0.660226, 0.578538,
           0.496385, 0.621194, 0.552476, 0.535514, 0.413949, 0.463754,
           0.533902, 0.589896, 0.584608, 0.583604, 0.507857, 0.553164,
           0.70473,  0.663721, 0.451428, 0.489664, 0.521281, 0.665398,
           0.828987, 1.,       0.849272, 0.657492, 0.506803, 0.470658]
        - [0.407084, 0.439638, 0.580147, 0.57424,  0.604608, 0.583308,
           0.549253, 0.607689, 0.570593, 0.532678, 0.42775,  0.482626,
           0.547499, 0.585584, 0.590372, 0.579452, 0.534392, 0.566457,
           0.611321, 0.554945, 0.435439, 0.485529, 0.50705,  0.549638,
           0.665494, 0.849272, 1.,       0.850922, 0.573562, 0.419953]
        - [0.391449, 0.436206, 0.578523, 0.574208, 0.604388, 0.599962,
           0.581308, 0.610357, 0.570676, 0.532067, 0.398049, 0.454575,
           0.529311, 0.581533, 0.593475, 0.585752, 0.525992, 0.554527,
           0.588951, 0.54976,  0.381346, 0.446098, 0.492019, 0.519585,
           0.538011, 0.657492, 0.850923, 1.,       0.81009,  0.565412]
        - [0.3848,   0.421835, 0.561484, 0.57363,  0.599303, 0.595576,
           0.578358, 0.598285, 0.56385,  0.520582, 0.378858, 0.438722,
           0.512117, 0.551756, 0.56667,  0.572322, 0.528112, 0.548352,
           0.558234, 0.522943, 0.290585, 0.373003, 0.476387, 0.525497,
           0.496064, 0.506803, 0.573562, 0.81009,  1.,       0.87824 ]
        - [0.349362, 0.38183,  0.525012, 0.525629, 0.556395, 0.533571,
           0.501535, 0.545683, 0.501169, 0.465579, 0.331549, 0.390283,
           0.471779, 0.504196, 0.499079, 0.504288, 0.462851, 0.490262,
           0.539642, 0.519853, 0.261603, 0.324782, 0.429447, 0.497298,
           0.468187, 0.470658, 0.419953, 0.565412, 0.87824,  1.      ]
    dof: 30
B^0->(Dpi)^+l^-nu::KinematicalDistribution[w,c_D,c_l,chi]@Belle-2017A:
    type: MultivariateGaussian
    dim: 40
    observables:
        - B->Dpilnu::P(w_min,w_max)
        - B->Dpilnu::P(w_min,w_max)
        - B->Dpilnu::P(w_min,w_max)
        - B->Dpilnu::P(w_min,w_max)
        - B->Dpilnu::P(w_min,w_max)
        - B->Dpilnu::P(w_min,w_max)
        - B->Dpilnu::P(w_min,w_max)
        - B->Dpilnu::P(w_min,w_max)
        - B->Dpilnu::P(w_min,w_max)
        - B->Dpilnu::P(w_min,w_max)
        - B->Dpilnu::P(c_D_min,c_D_max)
        - B->Dpilnu::P(c_D_min,c_D_max)
        - B->Dpilnu::P(c_D_min,c_D_max)
        - B->Dpilnu::P(c_D_min,c_D_max)
        - B->Dpilnu::P(c_D_min,c_D_max)
        - B->Dpilnu::P(c_D_min,c_D_max)
        - B->Dpilnu::P(c_D_min,c_D_max)
        - B->Dpilnu::P(c_D_min,c_D_max)
        - B->Dpilnu::P(c_D_min,c_D_max)
        - B->Dpilnu::P(c_D_min,c_D_max)
        - B->Dpilnu::P(c_l_min,c_l_max)
        - B->Dpilnu::P(c_l_min,c_l_max)
        - B->Dpilnu::P(c_l_min,c_l_max)
        - B->Dpilnu::P(c_l_min,c_l_max)
        - B->Dpilnu::P(c_l_min,c_l_max)
        - B->Dpilnu::P(c_l_min,c_l_max)
        - B->Dpilnu::P(c_l_min,c_l_max)
        - B->Dpilnu::P(c_l_min,c_l_max)
        - B->Dpilnu::P(c_l_min,c_l_max)
        - B->Dpilnu::P(c_l_min,c_l_max)
        - B->Dpilnu::P(chi_min,chi_max)
        - B->Dpilnu::P(chi_min,chi_max)
        - B->Dpilnu::P(chi_min,chi_max)
        - B->Dpilnu::P(chi_min,chi_max)
        - B->Dpilnu::P(chi_min,chi_max)
        - B->Dpilnu::P(chi_min,chi_max)
        - B->Dpilnu::P(chi_min,chi_max)
        - B->Dpilnu::P(chi_min,chi_max)
        - B->Dpilnu::P(chi_min,chi_max)
        - B->Dpilnu::P(chi_min,chi_max)
    kinematics:
        - { w_min:    1.0002, w_max:    1.05   }
        - { w_min:    1.05,   w_max:    1.10   }
        - { w_min:    1.10,   w_max:    1.15   }
        - { w_min:    1.15,   w_max:    1.20   }
        - { w_min:    1.20,   w_max:    1.25   }
        - { w_min:    1.25,   w_max:    1.30   }
        - { w_min:    1.30,   w_max:    1.35   }
        - { w_min:    1.35,   w_max:    1.40   }
        - { w_min:    1.40,   w_max:    1.45   }
        - { w_min:    1.45,   w_max:    1.503  }
        - { c_D_min: -1.0,    c_D_max: -0.8    }
        - { c_D_min: -0.8,    c_D_max: -0.6    }
        - { c_D_min: -0.6,    c_D_max: -0.4    }
        - { c_D_min: -0.4,    c_D_max: -0.2    }
        - { c_D_min: -0.2,    c_D_max:  0.0    }
        - { c_D_min:  0.0,    c_D_max: +0.2    }
        - { c_D_min: +0.2,    c_D_max: +0.4    }
        - { c_D_min: +0.4,    c_D_max: +0.6    }
        - { c_D_min: +0.6,    c_D_max: +0.8    }
        - { c_D_min: +0.8,    c_D_max: +1.0    }
        - { c_l_min: -1.0,    c_l_max: -0.8    }
        - { c_l_min: -0.8,    c_l_max: -0.6    }
        - { c_l_min: -0.6,    c_l_max: -0.4    }
        - { c_l_min: -0.4,    c_l_max: -0.2    }
        - { c_l_min: -0.2,    c_l_max:  0.0    }
        - { c_l_min:  0.0,    c_l_max: +0.2    }
        - { c_l_min: +0.2,    c_l_max: +0.4    }
        - { c_l_min: +0.4,    c_l_max: +0.6    }
        - { c_l_min: +0.6,    c_l_max: +0.8    }
        - { c_l_min: +0.8,    c_l_max: +1.0    }
        - { chi_min: 0.00000, chi_max: 0.62832 }
        - { chi_min: 0.62832, chi_max: 1.25664 }
        - { chi_min: 1.25664, chi_max: 1.88496 }
        - { chi_min: 1.88496, chi_max: 2.51327 }
        - { chi_min: 2.51327, chi_max: 3.14159 }
        - { chi_min: 3.14159, chi_max: 3.76991 }
        - { chi_min: 3.76991, chi_max: 4.39823 }
        - { chi_min: 4.39823, chi_max: 5.02655 }
        - { chi_min: 5.02655, chi_max: 5.65487 }
        - { chi_min: 5.65487, chi_max: 6.28319 }
    options:
        - { }
        - { }
        - { }
        - { }
        - { }
        - { }
        - { }
        - { }
        - { }
        - { }
        - { }
        - { }
        - { }
        - { }
        - { }
        - { }
        - { }
        - { }
        - { }
        - { }
        - { }
        - { }
        - { }
        - { }
        - { }
        - { }
        - { }
        - { }
        - { }
        - { }
        - { }
        - { }
        - { }
        - { }
        - { }
        - { }
        - { }
        - { }
        - { }
        - { }
    means:
        [1.215694,   1.912209,   2.2047068,  2.3628493,  2.4226691,  2.26987803, 2.07202413, 1.91759565, 1.83386953, 1.68726801,
         0.130812,   0.10717,    0.0908634,  0.0791902,  0.0738015,  0.0769854,  0.0826443,  0.0931206,  0.116769,   0.148643,
         0.0341826,  0.0552621,  0.0769351,  0.0956842,  0.109996,   0.117562,   0.119343,   0.125834,   0.132907,   0.132295,
         0.0868012,  0.107906,   0.120723,   0.110497,   0.0908445,  0.0874991,  0.0986074,  0.108577,   0.10047,    0.0880744]
    sigma-stat-hi:
        [0.10590417, 0.13811444, 0.14111242, 0.15088687, 0.14518569, 0.13849883, 0.13032201, 0.12695804, 0.11898733, 0.12550961,
         0.00923695, 0.00660518, 0.00624595, 0.00544458, 0.0053666,  0.00533497, 0.00563714, 0.00657511, 0.00775803, 0.0117587,
         0.00350316, 0.00455994, 0.00529016, 0.0063716,  0.00706342, 0.00748068, 0.00740808, 0.00772961, 0.00988228, 0.0116069,
         0.00748548, 0.00742899, 0.00768956, 0.00734192, 0.00609024, 0.00712093, 0.0069894,  0.00741881, 0.00705331, 0.00757905]
    sigma-stat-lo:
        [0.10590417, 0.13811444, 0.14111242, 0.15088687, 0.14518569, 0.13849883, 0.13032201, 0.12695804, 0.11898733, 0.12550961,
         0.00923695, 0.00660518, 0.00624595, 0.00544458, 0.0053666,  0.00533497, 0.00563714, 0.00657511, 0.00775803, 0.0117587,
         0.00350316, 0.00455994, 0.00529016, 0.0063716,  0.00706342, 0.00748068, 0.00740808, 0.00772961, 0.00988228, 0.0116069,
         0.00748548, 0.00742899, 0.00768956, 0.00734192, 0.00609024, 0.00712093, 0.0069894,  0.00741881, 0.00705331, 0.00757905]
    sigma-sys:
        [0.0,        0.0,        0.0,        0.0,        0.0,        0.0,        0.0,        0.0,        0.0,        0.0,
         0.0,        0.0,        0.0,        0.0,        0.0,        0.0,        0.0,        0.0,        0.0,        0.0,
         0.0,        0.0,        0.0,        0.0,        0.0,        0.0,        0.0,        0.0,        0.0,        0.0,
         0.0,        0.0,        0.0,        0.0,        0.0,        0.0,        0.0,        0.0,        0.0,        0.0]
    correlations:
        - [1.0000000,0.9198639,0.6031224,0.3507121,0.2978477,0.3353124,0.3760429,0.4006477,0.3718988,0.306424,
           0.3169212,0.3315954,0.3861418,0.4173316,0.4347278,0.4238388,0.399594, 0.3911822,0.3831234,0.3461916,
           0.3055047,0.3538156,0.3870532,0.3967877,0.4134743,0.412404, 0.3842066,0.3779641,0.3688883,0.3302719,
           0.2762251,0.3490857,0.4015483,0.4097006,0.4095141,0.3685686,0.3967668,0.4205821,0.4167636,0.3491422]
        - [0.9198639,0.9999999,0.7999673,0.4993052,0.3916978,0.4002674,0.4389338,0.4512786,0.4290042,0.3573262,
           0.3490724,0.3790887,0.4223386,0.4568611,0.4597854,0.4629895,0.4627465,0.44549,0.4380167,0.379867,
           0.343012,0.4077064,0.4559584,0.4607846,0.4734842,0.4647465,0.4387167,0.4258567,0.3913566,0.3447934,
           0.3166861,0.3948301,0.4636876,0.4648443,0.4593887,0.3828682,0.4371622,0.4612569,0.4541091,0.3820845]
        - [0.6031224,0.7999673,1.0000000,0.8321059,0.5983163,0.517828,0.5228921,0.5532238,0.5242777,0.4646957,
           0.38101,0.4346851,0.5289612,0.5421318,0.5450482,0.5284737,0.5246881,0.5455422,0.5201531,0.462185,
           0.3962243,0.4733237,0.5439389,0.5714353,0.5780035,0.5596979,0.5001701,0.5036988,0.5188267,0.4677506,
           0.4021851,0.4745842,0.5478322,0.5621234,0.5522274,0.5208586,0.5496891,0.5570953,0.5315233,0.4740207]
        - [0.3507121,0.4993052,0.832106,1.0000000,0.8305211,0.6507897,0.5524676,0.5724568,0.5447906,0.5002587,
           0.366372,0.4389144,0.586151,0.5884024,0.591081,0.551545,0.5255122,0.5696145,0.5461472,0.5017912,
           0.398995,0.4756563,0.5548372,0.5929123,0.5994828,0.5863075,0.5232138,0.5369422,0.5700876,0.5156088,
           0.4283284,0.4825355,0.5586637,0.5944344,0.5902525,0.5927449,0.5833085,0.5775528,0.5577346,0.5157226]
        - [0.2978477,0.3916978,0.5983163,0.8305212,1.0000000,0.847231,0.5922797,0.4947789,0.4958819,0.4508318,
           0.3598642,0.4474343,0.5337185,0.5555662,0.5267338,0.5259919,0.5186687,0.5010405,0.5206274,0.4669574,
           0.3677206,0.4476211,0.5236871,0.5486076,0.5633473,0.5459371,0.5418639,0.5653888,0.4680985,0.3874238,
           0.3717686,0.4340242,0.5277958,0.5373428,0.5462201,0.4635966,0.5162223,0.5238772,0.5366688,0.4839697]
        - [0.3353124,0.4002674,0.517828,0.6507897,0.847231,1.0000000,0.8118079,0.6020515,0.4913688,0.4223858,
           0.3677512,0.4501626,0.5659949,0.577222,0.5590023,0.5464232,0.5203364,0.5193035,0.523661,0.4672796,
           0.3919587,0.4666339,0.5425271,0.5656095,0.5781909,0.5681592,0.5588677,0.5742147,0.5013442,0.4255378,
           0.4103058,0.4697887,0.5386609,0.5464337,0.5648368,0.5120445,0.5382045,0.5470396,0.5482565,0.4847325]
        - [0.3760429,0.4389338,0.5228921,0.5524676,0.5922797,0.8118079,1.0000000,0.8512704,0.6096553,0.4578392,0.3725603,0.4452238,0.5778059,0.5882692,0.5877809,0.5621049,0.5286225,0.5482084,0.5405946,0.4888916,0.4078023,0.475953,0.5452793,0.5583428,0.5663166,0.5726013,0.5618103,0.5539852,0.5269035,0.4647549,0.4385153,0.4940926,0.5570905,0.5842683,0.6134816,0.5791049,0.5696839,0.5590646,0.5263739,0.4580812]
        - [0.4006477,0.4512786,0.5532237,0.5724568,0.4947789,0.6020515,0.8512704,0.9999999,0.8254023,0.6261041,0.3941318,0.4067369,0.5652996,0.5821678,0.6286399,0.5895662,0.5370888,0.5824826,0.5563993,0.5195253,0.3951283,0.4598547,0.533555,0.5664868,0.5655695,0.5775054,0.5517889,0.5526494,0.5810549,0.5369405,0.4545259,0.5054945,0.5522632,0.6018273,0.6117017,0.6303621,0.5830181,0.591129,0.5693963,0.5098516]
        - [0.3718988,0.4290042,0.5242777,0.5447906,0.4958819,0.4913688,0.6096553,0.8254024,1.0000000,0.9065986,0.3774298,0.4102749,0.5051314,0.5336971,0.5761675,0.5687646,0.5362359,0.5449924,0.5271298,0.5016546,0.3555543,0.4233712,0.5053012,0.5486565,0.5527663,0.5507773,0.5396766,0.5353675,0.5171695,0.4723012,0.4197755,0.4970112,0.5339669,0.5397439,0.5472274,0.5338901,0.5298672,0.5425881,0.5396249,0.4909849]
        - [0.306424,0.3573262,0.4646957,0.5002587,0.4508317,0.4223858,0.4578393,0.6261041,0.9065986,1.0000000,0.3263157,0.3555878,0.45616,0.4772956,0.5266804,0.5140792,0.4761577,0.4956195,0.4751918,0.4666305,0.3204636,0.3803371,0.4580238,0.4992045,0.4951063,0.4939886,0.4817699,0.4934392,0.4992527,0.4567957,0.388331,0.4692846,0.4841476,0.4736509,0.4748105,0.4925701,0.4740383,0.4789501,0.4831319,0.4583547]
        - [0.3169212,0.3490724,0.38101,0.366372,0.3598642,0.3677512,0.3725603,0.3941318,0.3774298,0.3263156,1.0000000,0.6612038,0.3559476,0.2941343,0.3294497,0.3347794,0.3189403,0.3436466,0.3353155,0.3124705,0.3142416,0.3508489,0.3889019,0.3947378,0.4039269,0.3946544,0.3755169,0.3737119,0.3858202,0.3348025,0.2779332,0.3697495,0.4212874,0.4124209,0.4078306,0.3890524,0.407084,0.3914492,0.3847999,0.3493619]
        - [0.3315954,0.3790887,0.4346851,0.4389144,0.4474343,0.4501626,0.4452238,0.406737,0.4102749,0.3555878,0.6612037,1.0000000,0.7493617,0.5291846,0.3870321,0.3617816,0.3562778,0.36801,0.3941151,0.3674833,0.3693158,0.4206027,0.4679057,0.4532866,0.4603782,0.4542675,0.4305595,0.4332941,0.3872357,0.3302433,0.327141,0.3977923,0.4665866,0.4723306,0.4866991,0.3980435,0.4396378,0.4362064,0.4218351,0.3818299]
        - [0.3861418,0.4223386,0.5289611,0.586151,0.5337185,0.5659949,0.5778059,0.5652996,0.5051315,0.45616,0.3559476,0.7493618,1.0000000,0.8675869,0.6876299,0.5386035,0.4522239,0.5189107,0.5093999,0.4847413,0.4300192,0.4963526,0.5635991,0.5881406,0.5931021,0.583864,0.5228369,0.5570607,0.6001555,0.5397189,0.4407575,0.4973524,0.561849,0.6178795,0.6279593,0.6304131,0.5801471,0.5785226,0.561484,0.5250121]
        - [0.4173316,0.4568611,0.5421318,0.5884024,0.5555662,0.577222,0.5882692,0.5821678,0.5336971,0.4772956,0.2941343,0.5291846,0.8675868,1.0000000,0.8867846,0.7139812,0.5503827,0.5139188,0.4809273,0.4469745,0.4201996,0.498846,0.5771369,0.6033672,0.6102862,0.5920104,0.5402818,0.5613447,0.5654491,0.5111578,0.4266066,0.4838765,0.5660537,0.6196359,0.63475,0.6042646,0.5742399,0.5742076,0.5736302,0.5256287]
        - [0.4347278,0.4597854,0.5450482,0.591081,0.5267338,0.5590022,0.5877809,0.6286399,0.5761675,0.5266804,0.3294497,0.3870321,0.6876299,0.8867845,0.9999999,0.9041975,0.6858584,0.5850355,0.4747399,0.4431033,0.3867853,0.4613464,0.5606052,0.6201776,0.6274429,0.6146054,0.5473815,0.5776805,0.6269868,0.5839519,0.4507834,0.5167991,0.5795819,0.6361788,0.6365596,0.6602257,0.6046078,0.6043881,0.5993031,0.5563946]
        - [0.4238388,0.4629895,0.5284737,0.551545,0.5259919,0.5464232,0.5621049,0.5895662,0.5687646,0.5140792,0.3347794,0.3617816,0.5386035,0.7139812,0.9041975,1.0000000,0.874798,0.6646616,0.4735855,0.3828151,0.3900099,0.4585435,0.5471002,0.5953627,0.6098347,0.6008059,0.5603556,0.5868527,0.5596693,0.5007867,0.4141378,0.4911527,0.5598769,0.5954884,0.598531,0.5785385,0.5833084,0.5999623,0.5955763,0.5335708]
        - [0.399594,0.4627465,0.5246881,0.5255121,0.5186686,0.5203364,0.5286225,0.5370888,0.5362359,0.4761577,0.3189403,0.3562778,0.4522239,0.5503826,0.6858584,0.8747981,0.9999999,0.8503855,0.5894997,0.3691803,0.397739,0.460757,0.5243719,0.5478329,0.5785809,0.5768912,0.5493948,0.5675738,0.4929703,0.425794,0.3791833,0.4573005,0.5280042,0.5379244,0.5465757,0.4963853,0.5492527,0.5813083,0.5783583,0.5015352]
        - [0.3911822,0.44549,0.5455421,0.5696145,0.5010405,0.5193035,0.5482084,0.5824826,0.5449924,0.4956195,0.3436466,0.36801,0.5189107,0.5139188,0.5850355,0.6646616,0.8503855,1.0000000,0.8322224,0.5656678,0.4183966,0.4767235,0.533383,0.5662469,0.5942985,0.6037756,0.5402792,0.5648411,0.594165,0.5413501,0.4390939,0.5008727,0.5462788,0.5874393,0.5914048,0.6211942,0.6076893,0.6103566,0.5982845,0.5456824]
        - [0.3831233,0.4380167,0.5201531,0.5461472,0.5206274,0.523661,0.5405946,0.5563993,0.5271299,0.4751917,0.3353155,0.394115,0.5093999,0.4809273,0.4747399,0.4735854,0.5894996,0.8322224,1.0000000,0.8526627,0.3882903,0.4519932,0.5060688,0.5343134,0.5594705,0.5696365,0.5222987,0.522649,0.5237962,0.4723776,0.4413506,0.4891346,0.5204438,0.5589473,0.5665445,0.5524761,0.5705925,0.5706759,0.5638503,0.5011693]
        - [0.3461916,0.379867,0.462185,0.5017913,0.4669574,0.4672796,0.4888915,0.5195253,0.5016546,0.4666305,0.3124705,0.3674833,0.4847413,0.4469745,0.4431033,0.3828151,0.3691803,0.5656677,0.8526627,1.0000000,0.3192773,0.3753234,0.4473194,0.5037894,0.5198082,0.5177358,0.4531388,0.4523339,0.5135452,0.4840072,0.4073142,0.4655105,0.4701914,0.5029043,0.504008,0.5355144,0.5326779,0.5320668,0.5205823,0.4655786]
        - [0.3055047,0.343012,0.3962243,0.398995,0.3677205,0.3919587,0.4078023,0.3951283,0.3555543,0.3204636,0.3142416,0.3693158,0.4300192,0.4201996,0.3867853,0.3900099,0.397739,0.4183967,0.3882903,0.3192773,0.9999999,0.9341593,0.6692832,0.3633687,0.2795612,0.3052537,0.3328368,0.3652369,0.3442725,0.2919834,0.287925,0.3295419,0.364684,0.3915796,0.4292277,0.4139487,0.4277495,0.3980491,0.3788583,0.3315495]
        - [0.3538156,0.4077064,0.4733237,0.4756564,0.4476211,0.4666339,0.475953,0.4598548,0.4233712,0.3803371,0.3508489,0.4206027,0.4963526,0.4988459,0.4613464,0.4585434,0.460757,0.4767235,0.4519932,0.3753234,0.9341593,0.9999999,0.8472858,0.5267336,0.3821648,0.3697641,0.3961959,0.428742,0.3945717,0.3311924,0.3354506,0.3889115,0.4395747,0.4618291,0.5005998,0.4637537,0.4826257,0.4545754,0.4387223,0.3902832]
        - [0.3870532,0.4559584,0.5439389,0.5548372,0.5236871,0.542527,0.5452793,0.533555,0.5053012,0.4580238,0.3889019,0.4679057,0.5635991,0.5771369,0.5606051,0.5471002,0.5243719,0.533383,0.5060688,0.4473195,0.6692832,0.8472858,1.0000000,0.8306836,0.5970316,0.4725405,0.4568587,0.4890488,0.4714912,0.4128359,0.3828144,0.4429572,0.5070743,0.5357438,0.5708125,0.5339023,0.5474989,0.5293105,0.5121174,0.4717786]
        - [0.3967877,0.4607846,0.5714353,0.5929123,0.5486076,0.5656095,0.5583428,0.5664868,0.5486565,0.4992045,0.3947378,0.4532866,0.5881407,0.6033672,0.6201776,0.5953628,0.5478329,0.5662469,0.5343134,0.5037893,0.3633687,0.5267337,0.8306836,1.0000000,0.8613638,0.632252,0.4943755,0.5028211,0.541155,0.4993515,0.4130652,0.4778479,0.5403696,0.5813455,0.5977463,0.589896,0.5855842,0.5815328,0.5517556,0.5041961]
        - [0.4134742,0.4734842,0.5780035,0.5994828,0.5633473,0.5781909,0.5663166,0.5655695,0.5527663,0.4951063,0.4039269,0.4603782,0.5931021,0.6102862,0.6274429,0.6098347,0.5785809,0.5942985,0.5594706,0.5198082,0.2795612,0.3821648,0.5970316,0.8613638,1.0000000,0.8567884,0.6098678,0.5087815,0.5220264,0.4982412,0.4126756,0.4843712,0.5454515,0.5862091,0.6012638,0.5846082,0.5903722,0.593475,0.5666704,0.4990786]
        - [0.412404,0.4647465,0.5596979,0.5863075,0.5459371,0.5681592,0.5726013,0.5775053,0.5507773,0.4939886,0.3946544,0.4542675,0.583864,0.5920105,0.6146053,0.6008059,0.5768912,0.6037756,0.5696365,0.5177358,0.3052537,0.3697641,0.4725405,0.6322519,0.8567884,1.0000000,0.8207091,0.5958993,0.5271346,0.4947617,0.4258792,0.4979812,0.5415233,0.5852984,0.6016054,0.5836042,0.5794524,0.5857524,0.5723218,0.5042883]
        - [0.3842065,0.4387167,0.5001701,0.5232138,0.5418639,0.5588677,0.5618103,0.5517889,0.5396765,0.4817699,0.3755169,0.4305595,0.5228369,0.5402817,0.5473815,0.5603556,0.5493948,0.5402792,0.5222986,0.4531388,0.3328368,0.3961959,0.4568587,0.4943755,0.6098678,0.8207091,1.0000000,0.8306154,0.5348155,0.3811606,0.3856742,0.4673632,0.5316476,0.539538,0.5628124,0.507857,0.5343922,0.525992,0.5281118,0.4628513]
        - [0.3779641,0.4258567,0.5036988,0.5369422,0.5653888,0.5742147,0.5539852,0.5526494,0.5353675,0.4934393,0.3737119,0.4332941,0.5570607,0.5613447,0.5776805,0.5868527,0.5675738,0.5648411,0.522649,0.4523339,0.3652369,0.428742,0.4890488,0.5028211,0.5087815,0.5958993,0.8306155,0.9999999,0.7361072,0.4588076,0.3963798,0.4889209,0.5537978,0.549853,0.5630984,0.5531643,0.5664569,0.5545269,0.5483515,0.4902617]
        - [0.3688883,0.3913566,0.5188267,0.5700876,0.4680985,0.5013443,0.5269036,0.5810549,0.5171695,0.4992527,0.3858202,0.3872357,0.6001555,0.5654491,0.6269868,0.5596693,0.4929703,0.594165,0.5237962,0.5135452,0.3442725,0.3945717,0.4714912,0.541155,0.5220264,0.5271347,0.5348155,0.7361072,0.9999999,0.8667954,0.4362362,0.5106664,0.535643,0.5881829,0.5815799,0.7047297,0.6113205,0.5889513,0.5582339,0.5396415]
        - [0.3302719,0.3447934,0.4677506,0.5156088,0.3874238,0.4255378,0.4647549,0.5369405,0.4723012,0.4567957,0.3348025,0.3302433,0.5397189,0.5111578,0.5839519,0.5007867,0.4257941,0.54135,0.4723776,0.4840072,0.2919834,0.3311924,0.4128359,0.4993515,0.4982412,0.4947617,0.3811606,0.4588076,0.8667954,1.0000000,0.3993573,0.4568887,0.4666959,0.5457208,0.5317384,0.6637205,0.5549452,0.5497598,0.5229432,0.5198532]
        - [0.2762251,0.3166861,0.4021851,0.4283284,0.3717686,0.4103058,0.4385153,0.4545259,0.4197755,0.388331,0.2779332,0.327141,0.4407575,0.4266066,0.4507834,0.4141378,0.3791833,0.4390939,0.4413506,0.4073142,0.287925,0.3354506,0.3828144,0.4130652,0.4126756,0.4258792,0.3856742,0.3963798,0.4362362,0.3993572,0.9999999,0.8649951,0.4765345,0.3662961,0.3869486,0.4514275,0.4354388,0.3813463,0.290585,0.2616032]
        - [0.3490857,0.3948302,0.4745842,0.4825355,0.4340242,0.4697887,0.4940926,0.5054945,0.4970112,0.4692846,0.3697495,0.3977923,0.4973524,0.4838764,0.5167991,0.4911527,0.4573005,0.5008727,0.4891346,0.4655105,0.3295419,0.3889115,0.4429572,0.4778479,0.4843712,0.4979812,0.4673632,0.4889208,0.5106664,0.4568887,0.8649952,1.0000000,0.7696602,0.5501278,0.4690312,0.4896641,0.4855286,0.4460978,0.373003,0.3247823]
        - [0.4015483,0.4636876,0.5478322,0.5586637,0.5277958,0.5386609,0.5570905,0.5522632,0.5339669,0.4841476,0.4212874,0.4665866,0.5618491,0.5660537,0.5795819,0.5598769,0.5280043,0.5462788,0.5204438,0.4701914,0.364684,0.4395747,0.5070742,0.5403697,0.5454515,0.5415233,0.5316477,0.5537978,0.535643,0.4666959,0.4765345,0.7696602,1.0000000,0.8504587,0.6496646,0.5212811,0.5070499,0.4920191,0.4763865,0.4294471]
        - [0.4097006,0.4648443,0.5621234,0.5944344,0.5373428,0.5464337,0.5842683,0.6018273,0.5397439,0.4736509,0.4124209,0.4723306,0.6178795,0.6196359,0.6361788,0.5954884,0.5379244,0.5874392,0.5589473,0.5029043,0.3915796,0.461829,0.5357438,0.5813455,0.5862091,0.5852984,0.539538,0.5498529,0.5881829,0.5457208,0.3662961,0.5501278,0.8504587,0.9999999,0.8733808,0.6653978,0.549638,0.5195854,0.5254974,0.497298]
        - [0.4095141,0.4593886,0.5522274,0.5902525,0.5462201,0.5648368,0.6134816,0.6117017,0.5472274,0.4748105,0.4078306,0.4866991,0.6279593,0.63475,0.6365596,0.598531,0.5465757,0.5914047,0.5665445,0.504008,0.4292277,0.5005998,0.5708125,0.5977463,0.6012638,0.6016054,0.5628124,0.5630984,0.5815799,0.5317384,0.3869486,0.4690312,0.6496646,0.8733808,1.0000000,0.8289874,0.6654938,0.5380112,0.4960644,0.4681868]
        - [0.3685686,0.3828682,0.5208586,0.592745,0.4635966,0.5120445,0.5791049,0.6303622,0.5338901,0.4925701,0.3890525,0.3980435,0.6304131,0.6042646,0.6602257,0.5785384,0.4963853,0.6211942,0.5524761,0.5355144,0.4139487,0.4637537,0.5339023,0.589896,0.5846082,0.5836042,0.507857,0.5531643,0.7047297,0.6637205,0.4514275,0.4896641,0.5212811,0.6653978,0.8289874,1.0000000,0.849272,0.6574922,0.5068032,0.4706579]
        - [0.3967668,0.4371622,0.5496891,0.5833086,0.5162223,0.5382044,0.5696839,0.5830181,0.5298672,0.4740383,0.4070841,0.4396378,0.5801471,0.5742399,0.6046078,0.5833084,0.5492528,0.6076892,0.5705925,0.5326778,0.4277495,0.4826257,0.5474989,0.5855843,0.5903722,0.5794524,0.5343922,0.5664569,0.6113206,0.5549452,0.4354388,0.4855286,0.5070499,0.549638,0.6654938,0.849272,1.0000000,0.8509224,0.5735616,0.4199527]
        - [0.4205821,0.461257, 0.5570953,0.5775528,0.5238772,0.5470396,0.5590646,0.591129, 0.5425881,0.4789502,
           0.3914492,0.4362064,0.5785226,0.5742075,0.6043881,0.5999623,0.5813083,0.6103566,0.5706759,0.5320668,
           0.3980491,0.4545754,0.5293105,0.5815328,0.593475, 0.5857524,0.525992, 0.5545268,0.5889512,0.5497598,
           0.3813463,0.4460977,0.4920191,0.5195854,0.5380112,0.6574921,0.8509225,0.9999999,0.8100898,0.5654116]
