B^(*)->D^(*)::HQETParameters@BJvD2018:
  type: MultivariateGaussian(Covariance)
  dim: 17
  observables: ['B(*)->D(*)::rho^2@HQET', 'B(*)->D(*)::c@HQET', 'B(*)->D(*)::d@HQET',
    'B(*)->D(*)::chi_2(1)@HQET', 'B(*)->D(*)::chi_2''(1)@HQET', 'B(*)->D(*)::chi_2''''(1)@HQET',
    'B(*)->D(*)::chi_3''(1)@HQET', 'B(*)->D(*)::chi_3''''(1)@HQET', 'B(*)->D(*)::eta(1)@HQET',
    'B(*)->D(*)::eta''(1)@HQET', 'B(*)->D(*)::eta''''(1)@HQET', 'B(*)->D(*)::l_1(1)@HQET',
    'B(*)->D(*)::l_2(1)@HQET', 'B(*)->D(*)::l_3(1)@HQET', 'B(*)->D(*)::l_4(1)@HQET',
    'B(*)->D(*)::l_5(1)@HQET', 'B(*)->D(*)::l_6(1)@HQET']
  kinematics:
  - []
  - []
  - []
  - []
  - []
  - []
  - []
  - []
  - []
  - []
  - []
  - []
  - []
  - []
  - []
  - []
  - []
  options:
  - {}
  - {}
  - {}
  - {}
  - {}
  - {}
  - {}
  - {}
  - {}
  - {}
  - {}
  - {}
  - {}
  - {}
  - {}
  - {}
  - {}
  means: [1.3444128014031573, 1.1813877874466032, -0.7186017847799754, -0.05854155872429586,
    -0.004788917288187684, 0.183151360655901, 0.03069376535419634, 0.014484361025062752,
    0.8892591172319558, 0.1248700939396307, 0.5959904174313677, -0.07496883182585547,
    -1.9370538606527228, 0.14457722340844317, -4.045845351727815, 6.133960740102876,
    7.926116434306248]
  covariance:
  - [0.0029609087252379734, 0.004764565805243033, -0.0037116339544424224, -0.0002925677075114868,
    -2.0013704868612042e-05, 0.003196298981929394, 0.0008368716318859384, -0.00015643051479063,
    0.00019151905512093304, -0.00075214575497686, 0.001699218500416329, -0.0005959599140360305,
    0.000495403791821696, -0.020290217425578617, -0.0006478122017591455, -0.0004646779918781915,
    -0.0070485168366891445]
  - [0.004764565805243033, 0.013602020934797506, -0.01455481762119661, -0.00045994877946410454,
    5.225757213284712e-05, -0.003124693635870374, 0.0014518318890303149, -0.005268015919378972,
    -0.0007061172743355448, -0.0019259930155296544, 0.0063512153875279935, -0.000609857057174237,
    0.0009018854685498661, 0.033264490848054884, 0.005598630754308027, -0.0009984431980593568,
    -8.073222360357066e-05]
  - [-0.0037116339544424224, -0.01455481762119661, 0.017369876620269706, 0.00036881353842116004,
    -8.427214150499123e-05, 0.010025229634403526, -0.0011981513288286314, 0.007578125930633726,
    0.0013352648337486151, 0.0020380626535200608, -0.00853100848373933, 0.0003009141335416897,
    -0.0006034660855316022, -0.10962748647843729, -0.009444593028771332, 0.006678541868416762,
    -0.018570802165518964]
  - [-0.0002925677075114868, -0.00045994877946410454, 0.00036881353842116004, 0.00039659480653011305,
    1.6212882943892626e-06, -0.00030510979310750406, 2.458664971161317e-05, 1.1426521535391537e-05,
    -5.049123733735145e-05, 4.768478624499525e-05, -0.00015600308138250568, 9.975085093911537e-06,
    -1.556786199412744e-05, -0.005501923583985503, 0.0004210888896008218, -1.974533943781253e-05,
    0.0009288617271294699]
  - [-2.0013704868612042e-05, 5.225757213284712e-05, -8.427214150499123e-05, 1.6212882943892626e-06,
    0.00039650458352810745, -0.00048693538651413556, -5.493072393541889e-06, 0.0001708623744583419,
    2.5161727994797405e-05, -2.9291533371402923e-05, -6.0782601393365874e-05, 8.601584136841065e-06,
    5.2229647893111506e-05, -0.005338854717723097, -0.00018164034721318518, -5.081308158266539e-05,
    -0.00038435010261052613]
  - [0.003196298981929394, -0.003124693635870374, 0.010025229634403526, -0.00030510979310750406,
    -0.00048693538651413556, 0.04378544196136009, 0.0008171550372747652, 0.009105414671596274,
    0.007948233438642684, 0.0032392903038116344, -0.04672820729668376, 0.0006740842831925799,
    0.0010873928521023743, -0.4763677951050849, -0.05636848772959242, 0.03491009223551349,
    -0.11889523127315213]
  - [0.0008368716318859384, 0.0014518318890303149, -0.0011981513288286314, 2.458664971161317e-05,
    -5.493072393541889e-06, 0.0008171550372747652, 0.0003168289345061573, -0.00016617556776180045,
    0.00011971230218639186, -0.00017862068433580194, 0.0005115204923203876, -7.353850068005269e-05,
    0.0001803612987229498, -0.006512600562799017, -0.0010127259635411914, -0.0004977888256336178,
    -0.0008171025286162314]
  - [-0.00015643051479063, -0.005268015919378972, 0.007578125930633726, 1.1426521535391537e-05,
    0.0001708623744583419, 0.009105414671596274, -0.00016617556776180045, 0.006046225136378738,
    0.0005403297191914024, 0.0014069252546653037, -0.0013668498598856222, 5.981390865896879e-05,
    0.00012527102201243575, -0.08937845420130161, -0.00185600468259521, 0.001211456867785072,
    -0.012310285257384033]
  - [0.00019151905512093304, -0.0007061172743355448, 0.0013352648337486151, -5.049123733735145e-05,
    2.5161727994797405e-05, 0.007948233438642684, 0.00011971230218639186, 0.0005403297191914024,
    0.024189120959962798, -0.0029455563265461376, -0.028959506163947678, 0.0021789175219871838,
    0.0001934552776268256, 0.05858576407785052, -0.19326832999481766, 0.012372377505500888,
    0.15020119637308943]
  - [-0.00075214575497686, -0.0019259930155296544, 0.0020380626535200608, 4.768478624499525e-05,
    -2.9291533371402923e-05, 0.0032392903038116344, -0.00017862068433580194, 0.0014069252546653037,
    -0.0029455563265461376, 0.011006062566145175, -0.025227206923748583, -0.0022933670155406375,
    -0.0002118461177840071, -0.03081812747767897, 0.029675126637895097, 0.004014627845853959,
    -0.006285086663023846]
  - [0.001699218500416329, 0.0063512153875279935, -0.00853100848373933, -0.00015600308138250568,
    -6.0782601393365874e-05, -0.04672820729668376, 0.0005115204923203876, -0.0013668498598856222,
    -0.028959506163947678, -0.025227206923748583, 0.21778830370249708, 0.002889601461737617,
    0.0012876844389058052, 0.3109190943268994, 0.20595824765671822, 0.009448081023960624,
    0.0489421619487178]
  - [-0.0005959599140360305, -0.000609857057174237, 0.0003009141335416897, 9.975085093911537e-06,
    8.601584136841065e-06, 0.0006740842831925799, -7.353850068005269e-05, 5.981390865896879e-05,
    0.0021789175219871838, -0.0022933670155406375, 0.002889601461737617, 0.05128046718144383,
    1.2326109461329202e-05, -9.307928029575245e-05, 0.010556793044283554, -0.010012835428650214,
    0.006011487784804148]
  - [0.000495403791821696, 0.0009018854685498661, -0.0006034660855316022, -1.556786199412744e-05,
    5.2229647893111506e-05, 0.0010873928521023743, 0.0001803612987229498, 0.00012527102201243575,
    0.0001934552776268256, -0.0002118461177840071, 0.0012876844389058052, 1.2326109461329202e-05,
    0.11803174108182463, -0.06704446055386264, -0.002553800995248271, 0.007082848144955943,
    -0.03863971023154976]
  - [-0.020290217425578617, 0.033264490848054884, -0.10962748647843729, -0.005501923583985503,
    -0.005338854717723097, -0.4763677951050849, -0.006512600562799017, -0.08937845420130161,
    0.05858576407785052, -0.03081812747767897, 0.3109190943268994, -9.307928029575245e-05,
    -0.06704446055386264, 17.99400878386802, -0.5260076986743539, -2.5226284723562995,
    8.1551330076895]
  - [-0.0006478122017591455, 0.005598630754308027, -0.009444593028771332, 0.0004210888896008218,
    -0.00018164034721318518, -0.05636848772959242, -0.0010127259635411914, -0.00185600468259521,
    -0.19326832999481766, 0.029675126637895097, 0.20595824765671822, 0.010556793044283554,
    -0.002553800995248271, -0.5260076986743539, 1.6384983175557306, -0.09337903886481133,
    -1.212627372272199]
  - [-0.0004646779918781915, -0.0009984431980593568, 0.006678541868416762, -1.974533943781253e-05,
    -5.081308158266539e-05, 0.03491009223551349, -0.0004977888256336178, 0.001211456867785072,
    0.012372377505500888, 0.004014627845853959, 0.009448081023960624, -0.010012835428650214,
    0.007082848144955943, -2.5226284723562995, -0.09337903886481133, 1.9325151915223464,
    -0.20704908736504454]
  - [-0.0070485168366891445, -8.073222360357066e-05, -0.018570802165518964, 0.0009288617271294699,
    -0.00038435010261052613, -0.11889523127315213, -0.0008171025286162314, -0.012310285257384033,
    0.15020119637308943, -0.006285086663023846, 0.0489421619487178, 0.006011487784804148,
    -0.03863971023154976, 8.1551330076895, -1.212627372272199, -0.20704908736504454,
    5.68407206391274]
  dof: 17
