B^(*)->D^(*)::HQETParameters@JS2018:
  type: MultivariateGaussian
  dim: 9
  observables: ['B(*)->D(*)::chi_2(1)@HQET', 'B(*)->D(*)::chi_2''(1)@HQET', 'B(*)->D(*)::chi_3''(1)@HQET',
    'B(*)->D(*)::eta(1)@HQET', 'B(*)->D(*)::eta''(1)@HQET', "B(*)->D(*)::xi'(1)@HQET", "B(*)->D(*)::xi''(1)@HQET",
    'B(*)->D(*)::l_2(1)@HQET', 'B(*)->D(*)::l_1(1)@HQET']
  kinematics:
  - []
  - []
  - []
  - []
  - []
  - []
  - []
  - []
  - []
  options:
  - {}
  - {}
  - {}
  - {}
  - {}
  - {}
  - {}
  - {}
  - {}
  means: [-0.058, -0.001,  0.035,  0.358,  0.044,  -1.306,  2.440, -2.299,  0.485]
  sigma-stat-hi: [0.019,  0.020,  0.019,  0.043,  0.125,  0.059,  0.109,  0.394,  0.269]
  sigma-stat-lo: [0.019,  0.020,  0.019,  0.043,  0.125,  0.059,  0.109,  0.394,  0.269]
  sigma-sys: [0.0, 0.0, 0.0, 0.0, 0.0, 0.0, 0.0, 0.0, 0.0]
  correlations:
  - [ 1.00,  0.01,  0.02, -0.00,  0.02, -0.27, -0.21, -0.03,  0.02]
  - [ 0.01,  1.00, -0.00, -0.02, -0.02,  0.00,  0.14,  0.01,  0.00]
  - [ 0.02, -0.00,  1.00,  0.00, -0.03,  0.83,  0.61, -0.03,  0.02]
  - [-0.00, -0.02,  0.00,  1.00,  0.03,  0.01,  0.04,  0.15,  0.21]
  - [ 0.02, -0.02, -0.03,  0.03,  1.00, -0.14, -0.16, -0.05, -0.22]
  - [-0.27,  0.00,  0.83,  0.01, -0.14,  1.00,  0.79,  0.09, -0.14]
  - [-0.21,  0.14,  0.61,  0.04, -0.16,  0.79,  1.00,  0.06, -0.08]
  - [-0.03,  0.01, -0.03,  0.15, -0.05,  0.09,  0.06,  1.00, -0.24]
  - [ 0.02,  0.00,  0.02,  0.21, -0.22, -0.14, -0.08, -0.24,  1.00]
  dof: 9
B^(*)->D^(*)::HQETParameters@BJvD2018:
  type: MultivariateGaussian(Covariance)
  dim: 18
  observables: ['B(*)->D(*)::xi''(1)@HQET', 'B(*)->D(*)::xi''''(1)@HQET', 'B(*)->D(*)::xi''''''(1)@HQET',
    'B(*)->D(*)::xi''''''''(1)@HQET', 'B(*)->D(*)::chi_2(1)@HQET', 'B(*)->D(*)::chi_2''(1)@HQET',
    'B(*)->D(*)::chi_2''''(1)@HQET', 'B(*)->D(*)::chi_3''(1)@HQET', 'B(*)->D(*)::chi_3''''(1)@HQET',
    'B(*)->D(*)::eta(1)@HQET', 'B(*)->D(*)::eta''(1)@HQET', 'B(*)->D(*)::eta''''(1)@HQET',
    'B(*)->D(*)::l_1(1)@HQET', 'B(*)->D(*)::l_2(1)@HQET', 'B(*)->D(*)::l_3(1)@HQET',
    'B(*)->D(*)::l_4(1)@HQET', 'B(*)->D(*)::l_5(1)@HQET', 'B(*)->D(*)::l_6(1)@HQET']
  kinematics:
  - []
  - []
  - []
  - []
  - []
  - []
  - []
  - []
  - []
  - []
  - []
  - []
  - []
  - []
  - []
  - []
  - []
  - []
  options:
  - {}
  - {}
  - {}
  - {}
  - {}
  - {}
  - {}
  - {}
  - {}
  - {}
  - {}
  - {}
  - {}
  - {}
  - {}
  - {}
  - {}
  - {}
  means: [-1.37837, 3.05427, -8.68313, 27.142, -0.0607665, -0.000869343, -0.130322, 0.0412355, -0.198587, 0.820347, 0.160729, 0.622204, -0.0747786, -1.9137, -0.539837, -3.47869, 8.89181, 7.34532]
  covariance:
  - [0.0034465495497476247, -0.016106439611288582, 0.06202718226865058, -0.21125972234319418,
    0.0003402957741920107, 6.645353063812324e-07, 0.000390968091880352, -0.000998511442511583,
    0.002316063985757402, 0.00016069318806119729, 0.0006479736900738769, -0.0015130720793611828,
    0.0007796882495258308, -0.00024279766092123582, -0.015975508084268977, -0.0022554617743047855,
    0.0016078427373528983, 0.0006612326675270045]
  - [-0.016106439611288582, 0.1341703071042231, -0.6747950831409432, 2.495398010647167,
    -0.0015250103774390332, 0.0004646070364714086, -0.0565498841231416, 0.00488873033474873,
    -0.03354742696040348, -0.008057452043351418, -0.0009391647908793328, 0.016463198012926186,
    -0.0034383569416919003, -9.181675194946627e-05, 0.6635914615653769, 0.066604399946614,
    -0.06461235276821785, 0.10993300122578994]
  - [0.06202718226865058, -0.6747950831409432, 3.802313460470848, -14.76048238462783,
    0.005783804310694614, -0.0027915995191618395, 0.3834448958234095, -0.01899579218241185,
    0.18884757848519707, 0.05185309602312922, -0.007475887131733065, -0.07801050811014772,
    0.01450131289393629, 0.005136985409025064, -4.584286881646739, -0.42253956316778,
    0.5273411984068801, -0.8346326788864297]
  - [-0.21125972234319418, 2.495398010647167, -14.76048238462783, 58.957795070295596,
    -0.019252831298021945, 0.01080574049611948, -1.4785704286024817, 0.06413221309669039,
    -0.7086519923449043, -0.20157105145450893, 0.054715149376277694, 0.22501776508332844,
    -0.05401641389747701, -0.02315221160936494, 17.413764284344175, 1.6559385865291216,
    -1.923653227197273, 3.147581579453128]
  - [0.0003402957741920107, -0.0015250103774390332, 0.005783804310694614, -0.019252831298021945,
    0.00039191561155737186, -1.1110337878414621e-06, 4.057409511654485e-05, 5.709954394400892e-06,
    0.00021127995892005594, -6.433971543299612e-06, 6.484318071995334e-05, -0.00022971126416370047,
    3.335531600715627e-05, -1.0325546442804566e-05, -0.007999540270611446, 5.0018891565003954e-05,
    0.0001323545738948913, 0.0008255640699966243]
  - [6.645353063812324e-07, 0.0004646070364714086, -0.0027915995191618395, 0.01080574049611948,
    -1.1110337878414621e-06, 0.0003970347206582877, -0.0007275953491526477, 3.273126567743236e-07,
    6.385396645162225e-05, -1.39369047463371e-06, -1.5200684863648867e-05, 4.846120579848344e-05,
    2.2685081697229928e-05, -6.162911359161599e-06, -0.0038511989487984948, -1.8853922807580673e-05,
    8.18965187634951e-05, -0.0002737070925609218]
  - [0.000390968091880352, -0.0565498841231416, 0.3834448958234095, -1.4785704286024817,
    4.057409511654485e-05, -0.0007275953491526477, 0.08425673656303213, -0.00022326223741720317,
    0.02439638082805205, 0.012929326502816339, 0.0016020643739189618, -0.05042479111027989,
    0.0008567533839093096, 0.0014662307206703038, -1.0855948453405544, -0.09752391528661943,
    0.17834385328150437, -0.23926331970531467]
  - [-0.000998511442511583, 0.00488873033474873, -0.01899579218241185, 0.06413221309669039,
    5.709954394400892e-06, 3.273126567743236e-07, -0.00022326223741720317, 0.00036883002806682166,
    -0.0007993277050124975, 1.944230975024891e-05, -0.0001455186822550965, 0.0004419695329684227,
    -0.0001126281712509023, 0.00010027618435547118, 0.004653153748730596, -0.0001864319405971499,
    -0.0010810189441858317, 0.0012658051134239285]
  - [0.002316063985757402, -0.03354742696040348, 0.18884757848519707, -0.7086519923449043,
    0.00021127995892005594, 6.385396645162225e-05, 0.02439638082805205, -0.0007993277050124975,
    0.012192219592441064, 0.002622715322928457, 0.0005695196867891775, -0.0039052686242169034,
    0.0003624472849654898, 0.00042428728781839257, -0.292160986454925, -0.01933460296983434,
    0.031450118747913626, -0.051933984094190117]
  - [0.00016069318806119729, -0.008057452043351418, 0.05185309602312922, -0.20157105145450893,
    -6.433971543299612e-06, -1.39369047463371e-06, 0.012929326502816339, 1.944230975024891e-05,
    0.002622715322928457, 0.024114966306816105, -0.0035150321351872, -0.02733110325708329,
    0.002330638194154333, 0.00042973250645448013, -0.012081907858801694, -0.19276869226736945,
    0.020234573422625378, 0.1306572469403049]
  - [0.0006479736900738769, -0.0009391647908793328, -0.007475887131733065, 0.054715149376277694,
    6.484318071995334e-05, -1.5200684863648867e-05, 0.0016020643739189618, -0.0001455186822550965,
    0.0005695196867891775, -0.0035150321351872, 0.01156507770266588, -0.025870670335744975,
    -0.002120811435808189, -0.0005326284484354234, -0.02061182368646288, 0.03477972033376927,
    0.005529710323006704, -0.007027888852388719]
  - [-0.0015130720793611828, 0.016463198012926186, -0.07801050811014772, 0.22501776508332844,
    -0.00022971126416370047, 4.846120579848344e-05, -0.05042479111027989, 0.0004419695329684227,
    -0.0039052686242169034, -0.02733110325708329, -0.025870670335744975, 0.2051572859383002,
    0.002842378148509076, 0.0020493216833029795, 0.39075681001320856, 0.19168933347146483,
    -0.01102578435136915, 0.06354838506470115]
  - [0.0007796882495258308, -0.0034383569416919003, 0.01450131289393629, -0.05401641389747701,
    3.335531600715627e-05, 2.2685081697229928e-05, 0.0008567533839093096, -0.0001126281712509023,
    0.0003624472849654898, 0.002330638194154333, -0.002120811435808189, 0.002842378148509076,
    0.051248243484240244, 0.00048425399983398896, 0.00098424742424276, 0.009682106182427043,
    -0.009506282612425577, 0.010136250949029445]
  - [-0.00024279766092123582, -9.181675194946627e-05, 0.005136985409025064, -0.02315221160936494,
    -1.0325546442804566e-05, -6.162911359161599e-06, 0.0014662307206703038, 0.00010027618435547118,
    0.00042428728781839257, 0.00042973250645448013, -0.0005326284484354234, 0.0020493216833029795,
    0.00048425399983398896, 0.11665707098943363, -0.07308021748964875, -0.003534074239982237,
    0.01894679554532849, -0.03360660259235192]
  - [-0.015975508084268977, 0.6635914615653769, -4.584286881646739, 17.413764284344175,
    -0.007999540270611446, -0.0038511989487984948, -1.0855948453405544, 0.004653153748730596,
    -0.292160986454925, -0.012081907858801694, -0.02061182368646288, 0.39075681001320856,
    0.00098424742424276, -0.07308021748964875, 27.92348161776616, 0.048400781167786455,
    -5.912431490429127, 9.9657281810996]
  - [-0.0022554617743047855, 0.066604399946614, -0.42253956316778, 1.6559385865291216,
    5.0018891565003954e-05, -1.8853922807580673e-05, -0.09752391528661943, -0.0001864319405971499,
    -0.01933460296983434, -0.19276869226736945, 0.03477972033376927, 0.19168933347146483,
    0.009682106182427043, -0.003534074239982237, 0.048400781167786455, 1.6366276216737428,
    -0.15193764206284407, -1.056224484268054]
  - [0.0016078427373528983, -0.06461235276821785, 0.5273411984068801, -1.923653227197273,
    0.0001323545738948913, 8.18965187634951e-05, 0.17834385328150437, -0.0010810189441858317,
    0.031450118747913626, 0.020234573422625378, 0.005529710323006704, -0.01102578435136915,
    -0.009506282612425577, 0.01894679554532849, -5.912431490429127, -0.15193764206284407,
    3.442589836588663, -1.0052058244387367]
  - [0.0006612326675270045, 0.10993300122578994, -0.8346326788864297, 3.147581579453128,
    0.0008255640699966243, -0.0002737070925609218, -0.23926331970531467, 0.0012658051134239285,
    -0.051933984094190117, 0.1306572469403049, -0.007027888852388719, 0.06354838506470115,
    0.010136250949029445, -0.03360660259235192, 9.9657281810996, -1.056224484268054,
    -1.0052058244387367, 5.810285360898459]
  dof: 18
