# vim: set fdm=marker :

########
# NOVOSIBIRSK: VEPP-2M collider; OLYA, CMD detectors. #
########
#
# Data: 1985
# Project: parametric-egjvd2020
#
# {{{

########
# NOVOSIBIRSK: VEPP-2M collider; OLYA, CMD detectors. #
########
#
# Data: 1985
# Project: parametric-egjvd2020
#
# {
q->q::Bound[1^-]@EGJvD2020:
    type: UniformBound
    observable: q->q::Prior[1^-]@EGJvD:2020
    kinematics: {}
    options: {}

0->pipi::Abs{f_+}^2[q2]@QFT: #pesudo measurement accounting for the QFT demand that the form factor is unity at q2=0;
    type: MultivariateGaussian
    dim: 1
    observables:
        - 0->pipi::Abs{f_+}^2(q2)
    kinematics:
        - {q2: 0.0}
    options:
        - {form-factors: EGJvD2020}
    means:         [1.0]
    sigma-stat-hi: [0.0]
    sigma-stat-lo: [0.0]
    sigma-sys:     [0.001]
    correlations:
        - [ 1.0]
    dof: 1

0->pipi::Abs{f_+}^2[q2]@OLYA:1985: #[Variable]
    type: MultivariateGaussian(Covariance)
    dim: 79 #correspondes to number of meassurement sets?
    observables:
        - 0->pipi::Abs{f_+}^2(q2)
        - 0->pipi::Abs{f_+}^2(q2)
        - 0->pipi::Abs{f_+}^2(q2)
        - 0->pipi::Abs{f_+}^2(q2)
        - 0->pipi::Abs{f_+}^2(q2)
        
        - 0->pipi::Abs{f_+}^2(q2)
        - 0->pipi::Abs{f_+}^2(q2)
        - 0->pipi::Abs{f_+}^2(q2)
        - 0->pipi::Abs{f_+}^2(q2)
        - 0->pipi::Abs{f_+}^2(q2)
        
        - 0->pipi::Abs{f_+}^2(q2)
        - 0->pipi::Abs{f_+}^2(q2)
        - 0->pipi::Abs{f_+}^2(q2)
        - 0->pipi::Abs{f_+}^2(q2)
        - 0->pipi::Abs{f_+}^2(q2)
        
        - 0->pipi::Abs{f_+}^2(q2)
        - 0->pipi::Abs{f_+}^2(q2)
        - 0->pipi::Abs{f_+}^2(q2)
        - 0->pipi::Abs{f_+}^2(q2)
        - 0->pipi::Abs{f_+}^2(q2)
        
        - 0->pipi::Abs{f_+}^2(q2)
        - 0->pipi::Abs{f_+}^2(q2)
        - 0->pipi::Abs{f_+}^2(q2)
        - 0->pipi::Abs{f_+}^2(q2)
        - 0->pipi::Abs{f_+}^2(q2)
        
        
        - 0->pipi::Abs{f_+}^2(q2)
        - 0->pipi::Abs{f_+}^2(q2)
        - 0->pipi::Abs{f_+}^2(q2)
        - 0->pipi::Abs{f_+}^2(q2)
        - 0->pipi::Abs{f_+}^2(q2)
        
        - 0->pipi::Abs{f_+}^2(q2)
        - 0->pipi::Abs{f_+}^2(q2)
        - 0->pipi::Abs{f_+}^2(q2)
        - 0->pipi::Abs{f_+}^2(q2)
        - 0->pipi::Abs{f_+}^2(q2)
        
        - 0->pipi::Abs{f_+}^2(q2)
        - 0->pipi::Abs{f_+}^2(q2)
        - 0->pipi::Abs{f_+}^2(q2)
        - 0->pipi::Abs{f_+}^2(q2)
        - 0->pipi::Abs{f_+}^2(q2)
        
        - 0->pipi::Abs{f_+}^2(q2)
        - 0->pipi::Abs{f_+}^2(q2)
        - 0->pipi::Abs{f_+}^2(q2)
        - 0->pipi::Abs{f_+}^2(q2)
        - 0->pipi::Abs{f_+}^2(q2)
        
        - 0->pipi::Abs{f_+}^2(q2)
        - 0->pipi::Abs{f_+}^2(q2)
        - 0->pipi::Abs{f_+}^2(q2)
        - 0->pipi::Abs{f_+}^2(q2)
        - 0->pipi::Abs{f_+}^2(q2)
        
        
        - 0->pipi::Abs{f_+}^2(q2)
        
        
        - 0->pipi::Abs{f_+}^2(q2)
        - 0->pipi::Abs{f_+}^2(q2)
        - 0->pipi::Abs{f_+}^2(q2)
        - 0->pipi::Abs{f_+}^2(q2)
        - 0->pipi::Abs{f_+}^2(q2)
        
        - 0->pipi::Abs{f_+}^2(q2)
        - 0->pipi::Abs{f_+}^2(q2)
        - 0->pipi::Abs{f_+}^2(q2)
        - 0->pipi::Abs{f_+}^2(q2)
        - 0->pipi::Abs{f_+}^2(q2)
        
        - 0->pipi::Abs{f_+}^2(q2)
        - 0->pipi::Abs{f_+}^2(q2)
        - 0->pipi::Abs{f_+}^2(q2)
        - 0->pipi::Abs{f_+}^2(q2)
        - 0->pipi::Abs{f_+}^2(q2)
        
        - 0->pipi::Abs{f_+}^2(q2)
        - 0->pipi::Abs{f_+}^2(q2)
        - 0->pipi::Abs{f_+}^2(q2)
        - 0->pipi::Abs{f_+}^2(q2)
        - 0->pipi::Abs{f_+}^2(q2)
        
        - 0->pipi::Abs{f_+}^2(q2)
        - 0->pipi::Abs{f_+}^2(q2)
        - 0->pipi::Abs{f_+}^2(q2)
        - 0->pipi::Abs{f_+}^2(q2)
        - 0->pipi::Abs{f_+}^2(q2)
        
        
        - 0->pipi::Abs{f_+}^2(q2)
        - 0->pipi::Abs{f_+}^2(q2)
        - 0->pipi::Abs{f_+}^2(q2)
    kinematics:
      #Unit: GeV TODO: Correct this
        - {q2: 0.16}
        - {q2: 0.1936}
        - {q2: 0.41293476}
        - {q2: 0.43903876}
        - {q2: 0.45914176}
        
        - {q2: 0.47279376}
        - {q2: 0.48664576}
        - {q2: 0.50069776}
        - {q2: 0.51494976}
        - {q2: 0.52940176}
        
        - {q2: 0.54405376}
        - {q2: 0.55890576}
        - {q2: 0.57395776}
        - {q2: 0.58920976}
        - {q2: 0.59845696}
        
        - {q2: 0.60155536}
        - {q2: 0.60466176}
        - {q2: 0.60777616}
        - {q2: 0.61089856}
        - {q2: 0.61402896}
        
        - {q2: 0.61716736}
        - {q2: 0.62031376}
        - {q2: 0.62346816}
        - {q2: 0.62663056}
        - {q2: 0.63616576}
        
        - {q2: 0.65221776}
        - {q2: 0.66846976}
        - {q2: 0.68492176}
        - {q2: 0.70157376}
        - {q2: 0.71842576}
        
        - {q2: 0.73547776}
        - {q2: 0.75272976}
        - {q2: 0.77018176}
        - {q2: 0.78783376}
        - {q2: 0.80568576}
        
        - {q2: 0.82373776}
        - {q2: 0.84198976}
        - {q2: 0.86044176}
        - {q2: 0.87909376}
        - {q2: 0.89794576}
        
        - {q2: 0.91699776}
        - {q2: 0.93624976}
        - {q2: 0.95570176}
        - {q2: 0.97535376}
        - {q2: 0.99520576}
        
        - {q2: 1.01324356}
        - {q2: 1.138489}
        - {q2: 1.159929}
        - {q2: 1.181569}
        - {q2: 1.203409}
        
        - {q2: 1.225449}
        
        - {q2: 1.247689}
        - {q2: 1.270129}
        - {q2: 1.292769}
        - {q2: 1.327104}
        - {q2: 1.361889}
        
        - {q2: 1.385329}
        - {q2: 1.408969}
        - {q2: 1.432809}
        - {q2: 1.456849}
        - {q2: 1.481089}
        
        - {q2: 1.505529}
        - {q2: 1.530169}
        - {q2: 1.555009}
        - {q2: 1.580049}
        - {q2: 1.605289}
        
        - {q2: 1.630729}
        - {q2: 1.656369}
        - {q2: 1.682209}
        - {q2: 1.708249}
        - {q2: 1.734489}
        
        - {q2: 1.760929}
        - {q2: 1.787569}
        - {q2: 1.814409}
        - {q2: 1.841449}
        - {q2: 1.868689}
        
        - {q2: 1.896129}
        - {q2: 1.923769}
        - {q2: 1.951609}
    options:
        - {form-factors: EGJvD2020}
        - {form-factors: EGJvD2020}
        - {form-factors: EGJvD2020}
        - {form-factors: EGJvD2020}
        - {form-factors: EGJvD2020}
        
        - {form-factors: EGJvD2020}
        - {form-factors: EGJvD2020}
        - {form-factors: EGJvD2020}
        - {form-factors: EGJvD2020}
        - {form-factors: EGJvD2020}
        
        - {form-factors: EGJvD2020}
        - {form-factors: EGJvD2020}
        - {form-factors: EGJvD2020}
        - {form-factors: EGJvD2020}
        - {form-factors: EGJvD2020}
        
        - {form-factors: EGJvD2020}
        - {form-factors: EGJvD2020}
        - {form-factors: EGJvD2020}
        - {form-factors: EGJvD2020}
        - {form-factors: EGJvD2020}
        
        - {form-factors: EGJvD2020}
        - {form-factors: EGJvD2020}
        - {form-factors: EGJvD2020}
        - {form-factors: EGJvD2020}
        - {form-factors: EGJvD2020}
        
        - {form-factors: EGJvD2020}
        - {form-factors: EGJvD2020}
        - {form-factors: EGJvD2020}
        - {form-factors: EGJvD2020}
        - {form-factors: EGJvD2020}
        
        - {form-factors: EGJvD2020}
        - {form-factors: EGJvD2020}
        - {form-factors: EGJvD2020}
        - {form-factors: EGJvD2020}
        - {form-factors: EGJvD2020}
        
        - {form-factors: EGJvD2020}
        - {form-factors: EGJvD2020}
        - {form-factors: EGJvD2020}
        - {form-factors: EGJvD2020}
        - {form-factors: EGJvD2020}
        
        - {form-factors: EGJvD2020}
        - {form-factors: EGJvD2020}
        - {form-factors: EGJvD2020}
        - {form-factors: EGJvD2020}
        - {form-factors: EGJvD2020}
        
        - {form-factors: EGJvD2020}
        - {form-factors: EGJvD2020}
        - {form-factors: EGJvD2020}
        - {form-factors: EGJvD2020}
        - {form-factors: EGJvD2020}
        
        - {form-factors: EGJvD2020}
        
        - {form-factors: EGJvD2020}
        - {form-factors: EGJvD2020}
        - {form-factors: EGJvD2020}
        - {form-factors: EGJvD2020}
        - {form-factors: EGJvD2020}
        
        - {form-factors: EGJvD2020}
        - {form-factors: EGJvD2020}
        - {form-factors: EGJvD2020}
        - {form-factors: EGJvD2020}
        - {form-factors: EGJvD2020}
        
        - {form-factors: EGJvD2020}
        - {form-factors: EGJvD2020}
        - {form-factors: EGJvD2020}
        - {form-factors: EGJvD2020}
        - {form-factors: EGJvD2020}
        
        - {form-factors: EGJvD2020}
        - {form-factors: EGJvD2020}
        - {form-factors: EGJvD2020}
        - {form-factors: EGJvD2020}
        - {form-factors: EGJvD2020}
        
        - {form-factors: EGJvD2020}
        - {form-factors: EGJvD2020}
        - {form-factors: EGJvD2020}
        - {form-factors: EGJvD2020}
        - {form-factors: EGJvD2020}
        
        - {form-factors: EGJvD2020}
        - {form-factors: EGJvD2020}
        - {form-factors: EGJvD2020}
    means:
        [2.04, 3.87, 12.24, 14.96, 17.71, 21.64, 23.96, 26.00, 29.35, 33.62, 37.88, 41.02, 42.48, 43.68, 44.52, 44.51, 43.05, 40.58, 38.62, 32.86, 29.41, 30.10, 28.73, 30.65, 27.90, 26.10, 22.90, 20.10, 17.71, 15.16, 13.44, 11.92, 10.28, 8.92, 7.85, 7.40, 6.37, 5.65, 4.94, 4.42, 4.51, 3.84, 3.80, 3.19, 3.35, 3.16, 2.25, 2.13, 2.02, 1.82, 2.01, 1.57, 1.50, 1.58, 1.47, 1.11, 1.33, 1.38, 1.15, 1.34, 0.76, 0.86, 1.26, 0.85, 0.87, 0.67, 0.44, 0.61, 0.67, 0.67, 0.69, 0.45, 0.68, 0.34, 0.41, 0.26, 0.30, 0.39, 0.20]
    covariance:
      #TODO:
        - [0.03357881, 0.01452976, 0.04464144, 0.05450193, 0.06447954, 0.07874675, 0.08717198, 0.09458156, 0.10675106, 0.12226493, 0.13774423, 0.14915466, 0.15446033, 0.15882123, 0.1618739 , 0.16183756, 0.15653175, 0.14755571, 0.14043326, 0.11950353, 0.10696904, 0.10947582, 0.10449865, 0.11147402, 0.10148343, 0.0949448 , 0.08332231, 0.07315517, 0.06447954, 0.05522734, 0.04899032, 0.04348218, 0.03754485, 0.0326279 , 0.02876586, 0.02714398, 0.02343895, 0.02085732, 0.01832145, 0.01647306, 0.01679231, 0.0144242 , 0.01428354, 0.01215227, 0.01270844, 0.01204825, 0.00895031, 0.00855353, 0.00819334, 0.00754869, 0.00816078, 0.0067664 , 0.00655321, 0.00679709, 0.00646275, 0.00543086, 0.00604875, 0.00619499, 0.00553975, 0.00607785, 0.00456573, 0.00479443, 0.00584737, 0.00477081, 0.00481821, 0.00437554, 0.00397138, 0.00425799, 0.00437554, 0.00437554, 0.00441642, 0.00398616, 0.00439587, 0.00383943, 0.00392873, 0.00375592, 0.00379512, 0.00390173, 0.00370705]
        - [0.01452976, 0.68185023, 0.07854025, 0.09588837, 0.11344256, 0.13854368, 0.15336667, 0.16640278, 0.18781327, 0.21510771, 0.24234133, 0.26241636, 0.27175094, 0.27942332, 0.28479406, 0.28473012, 0.27539531, 0.25960324, 0.2470723 , 0.21024942, 0.18819677, 0.19260709, 0.18385049, 0.19612265, 0.17854563, 0.16704185, 0.14659373, 0.1287061 , 0.11344256, 0.09716464, 0.08619148, 0.0765007 , 0.06605482, 0.05740414, 0.05060943, 0.04775596, 0.0412375 , 0.03669549, 0.03223398, 0.028982  , 0.02954367, 0.02537733, 0.02512985, 0.02138018, 0.02235869, 0.02119718, 0.01574679, 0.01504872, 0.01441502, 0.01328085, 0.01435773, 0.01190451, 0.01152943, 0.0119585 , 0.01137029, 0.00955483, 0.01064192, 0.0108992 , 0.0097464 , 0.0106931 , 0.00803276, 0.00843511, 0.01028762, 0.00839355, 0.00847695, 0.00769813, 0.00698708, 0.00749133, 0.00769813, 0.00769813, 0.00777006, 0.00701308, 0.00773391, 0.00675492, 0.00691204, 0.00660801, 0.00667697, 0.00686454, 0.00652203]
        - [0.04464144, 0.07854025, 0.80196277, 0.29460879, 0.34854254, 0.42566355, 0.47120591, 0.51125825, 0.57704015, 0.66089997, 0.74457294, 0.80625174, 0.83493142, 0.85850417, 0.8750053 , 0.87480885, 0.84612843, 0.79760866, 0.75910841, 0.6459733 , 0.57821843, 0.59176876, 0.56486484, 0.60256999, 0.54856612, 0.51322173, 0.45039666, 0.39543843, 0.34854254, 0.29853   , 0.26481592, 0.23504184, 0.20294775, 0.17636929, 0.15549313, 0.1467261 , 0.12669867, 0.11274373, 0.09903612, 0.08904472, 0.09077039, 0.07796965, 0.07720931, 0.06568877, 0.06869514, 0.06512652, 0.04838067, 0.0462359 , 0.04428891, 0.04080426, 0.0441129 , 0.03657559, 0.03542319, 0.03674147, 0.03493425, 0.0293564 , 0.03269638, 0.03348684, 0.02994497, 0.03285364, 0.02467996, 0.02591616, 0.03160782, 0.02578847, 0.02604471, 0.02365185, 0.0214672 , 0.02301648, 0.02365185, 0.02365185, 0.02387283, 0.02154709, 0.02376179, 0.02075393, 0.02123665, 0.02030254, 0.02051442, 0.0210907 , 0.02003838]
        - [0.05450193, 0.09588837, 0.29460879, 1.97325469, 0.42552931, 0.51968496, 0.57528681, 0.62418599, 0.70449793, 0.80688087, 0.90903569, 0.98433823, 1.01935273, 1.04813227, 1.0682782 , 1.06803837, 1.03302296, 0.97378605, 0.92678179, 0.78865716, 0.70593646, 0.72247982, 0.6896333 , 0.73566685, 0.6697345 , 0.62658317, 0.54988117, 0.48278365, 0.42552931, 0.3644699 , 0.32330899, 0.28695835, 0.24777525, 0.21532609, 0.18983876, 0.17913525, 0.15468412, 0.13764679, 0.12091142, 0.10871309, 0.11081994, 0.09519175, 0.09426345, 0.08019824, 0.08386866, 0.0795118 , 0.05906709, 0.05644858, 0.05407153, 0.04981719, 0.05385664, 0.04465448, 0.04324754, 0.044857  , 0.04265059, 0.0358407 , 0.03991842, 0.04088348, 0.03655927, 0.04011042, 0.03013132, 0.03164058, 0.03858942, 0.03148468, 0.03179752, 0.02887612, 0.02620892, 0.0281004 , 0.02887612, 0.02887612, 0.02914591, 0.02630645, 0.02901034, 0.02533809, 0.02592744, 0.024787  , 0.02504569, 0.02574926, 0.0244645 ]
        - [0.06447954, 0.11344256, 0.34854254, 0.42552931, 0.53970999, 0.6148232 , 0.68060403, 0.73845513, 0.8334697 , 0.9545958 , 1.075452  , 1.1645401 , 1.20596468, 1.24001287, 1.26384689, 1.26356315, 1.2221375 , 1.15205615, 1.09644686, 0.93303589, 0.83517159, 0.85474352, 0.81588382, 0.87034469, 0.79234216, 0.74129116, 0.6505474 , 0.5711664 , 0.50343056, 0.43119306, 0.38249686, 0.33949154, 0.29313524, 0.25474564, 0.22459236, 0.21192938, 0.183002  , 0.16284566, 0.14304656, 0.12861509, 0.13110764, 0.11261841, 0.11152017, 0.09488005, 0.09922242, 0.09406795, 0.06988044, 0.06678257, 0.06397035, 0.05893717, 0.06371612, 0.05282933, 0.05116482, 0.05306893, 0.0504586 , 0.04240203, 0.04722624, 0.04836798, 0.04325214, 0.0474534 , 0.03564743, 0.03743299, 0.04565395, 0.03724855, 0.03761866, 0.03416245, 0.03100696, 0.03324472, 0.03416245, 0.03416245, 0.03448162, 0.03112235, 0.03432123, 0.02997671, 0.03067396, 0.02932473, 0.02963078, 0.03046315, 0.02894319]
        - [0.07874675, 0.13854368, 0.42566355, 0.51968496, 0.6148232 , 1.23177271, 0.83119933, 0.90185098, 1.01788915, 1.16581647, 1.31341417, 1.42221455, 1.47280502, 1.51438695, 1.54349467, 1.54314815, 1.49255636, 1.40696831, 1.33905451, 1.13948606, 1.01996761, 1.04387017, 0.9964121 , 1.06292336, 0.96766144, 0.90531452, 0.79449216, 0.69754675, 0.6148232 , 0.52660192, 0.46713084, 0.41460986, 0.35799643, 0.31111248, 0.27428727, 0.25882238, 0.22349433, 0.19887805, 0.17469806, 0.15707339, 0.16011745, 0.13753716, 0.13619592, 0.11587389, 0.12117708, 0.11488209, 0.08534269, 0.08155936, 0.07812489, 0.07197803, 0.07781441, 0.06451873, 0.06248591, 0.06481134, 0.06162342, 0.0517842 , 0.05767586, 0.05907023, 0.05282242, 0.05795327, 0.04353503, 0.04571568, 0.05575567, 0.04549043, 0.04594243, 0.04172147, 0.03786778, 0.04060068, 0.04172147, 0.04172147, 0.04211127, 0.0380087 , 0.04191539, 0.03660958, 0.03746109, 0.03581333, 0.03618709, 0.03720365, 0.03534737]
        - [0.08717198, 0.15336667, 0.47120591, 0.57528681, 0.68060403, 0.83119933, 0.92836896, 0.99834134, 1.1267946 , 1.29054888, 1.45393828, 1.57437936, 1.63038258, 1.67641343, 1.70863542, 1.70825182, 1.65224715, 1.55750191, 1.48232191, 1.26140134, 1.12909543, 1.15555536, 1.10301968, 1.17664709, 1.07119295, 1.00217545, 0.87949604, 0.7721783 , 0.68060403, 0.58294382, 0.51710985, 0.45896958, 0.39629899, 0.34439885, 0.30363366, 0.28651417, 0.24740631, 0.2201563 , 0.19338926, 0.1738789 , 0.17724865, 0.15225246, 0.15076772, 0.12827141, 0.13414199, 0.1271735 , 0.09447363, 0.09028551, 0.08648358, 0.07967907, 0.08613989, 0.07142168, 0.06917137, 0.0717456 , 0.0682166 , 0.05732467, 0.06384669, 0.06539024, 0.05847397, 0.06415378, 0.04819291, 0.05060686, 0.06172105, 0.05035752, 0.05085788, 0.04618532, 0.04191931, 0.04494461, 0.04618532, 0.04618532, 0.04661682, 0.0420753 , 0.04639998, 0.04052649, 0.04146911, 0.03964505, 0.0400588 , 0.04118412, 0.03912924]
        - [0.09458156, 0.16640278, 0.51125825, 0.62418599, 0.73845513, 0.90185098, 0.99834134, 1.13193893, 1.22257175, 1.40024508, 1.57752252, 1.70820106, 1.76896453, 1.81890798, 1.85386883, 1.85345263, 1.79268758, 1.68988902, 1.60831876, 1.36862001, 1.22506815, 1.25377716, 1.19677597, 1.27666168, 1.16224398, 1.08736001, 0.95425289, 0.83781318, 0.73845513, 0.63249384, 0.56106401, 0.49798183, 0.42998427, 0.37367264, 0.32944242, 0.31086777, 0.26843576, 0.23886951, 0.20982728, 0.18865854, 0.19231473, 0.16519387, 0.16358292, 0.13917443, 0.14554401, 0.1379832 , 0.10250385, 0.09795975, 0.09383466, 0.08645176, 0.09346175, 0.0774925 , 0.07505092, 0.07784395, 0.07401499, 0.06219724, 0.06927363, 0.07094839, 0.06344424, 0.06960683, 0.05228929, 0.05490843, 0.06696732, 0.05463789, 0.05518078, 0.05011105, 0.04548244, 0.04876488, 0.05011105, 0.05011105, 0.05057923, 0.04565169, 0.05034396, 0.04397123, 0.04499397, 0.04301487, 0.04346379, 0.04468476, 0.04245521]
        - [0.10675106, 0.18781327, 0.57704015, 0.70449793, 0.8334697 , 1.01788915, 1.1267946 , 1.22257175, 1.43495128, 1.58040997, 1.78049711, 1.92798962, 1.99657133, 2.05294084, 2.09239998, 2.09193023, 2.02334674, 1.90732144, 1.8152558 , 1.54471581, 1.3826936 , 1.41509651, 1.35076116, 1.4409255 , 1.31178605, 1.22726702, 1.07703344, 0.94561183, 0.8334697 , 0.71387473, 0.63325426, 0.5620555 , 0.48530891, 0.42175185, 0.37183068, 0.3508661 , 0.3029745 , 0.26960406, 0.23682506, 0.21293261, 0.21705922, 0.18644882, 0.1846306 , 0.15708154, 0.16427068, 0.15573704, 0.11569268, 0.1105639 , 0.10590805, 0.09757522, 0.10548716, 0.0874632 , 0.08470747, 0.08785987, 0.08353826, 0.07019996, 0.07818684, 0.08007708, 0.0716074 , 0.07856291, 0.05901718, 0.06197331, 0.07558378, 0.06166797, 0.06228071, 0.05655868, 0.05133451, 0.0550393 , 0.05655868, 0.05655868, 0.05708709, 0.05152554, 0.05682155, 0.04962886, 0.0507832 , 0.04854945, 0.04905613, 0.0504342 , 0.04791778]
        - [0.12226493, 0.21510771, 0.66089997, 0.80688087, 0.9545958 , 1.16581647, 1.29054888, 1.40024508, 1.58040997, 2.02594508, 2.03925235, 2.20817958, 2.2867281 , 2.35128965, 2.3964833 , 2.39594528, 2.31739472, 2.18450774, 2.07906243, 1.76920554, 1.58363705, 1.62074899, 1.54706394, 1.65033164, 1.50242467, 1.4056227 , 1.23355605, 1.08303525, 0.9545958 , 0.81762038, 0.72528353, 0.64373763, 0.55583766, 0.48304401, 0.42586792, 0.4018566 , 0.34700503, 0.30878495, 0.27124226, 0.24387758, 0.2486039 , 0.21354496, 0.2114625 , 0.17990982, 0.18814373, 0.17836992, 0.13250602, 0.12663188, 0.12129941, 0.11175559, 0.12081735, 0.10017401, 0.0970178 , 0.10062833, 0.09567866, 0.08040194, 0.08954954, 0.09171449, 0.08201392, 0.08998026, 0.067594  , 0.07097974, 0.08656818, 0.07063002, 0.07133181, 0.06477821, 0.05879483, 0.06303803, 0.06477821, 0.06477821, 0.06538342, 0.05901362, 0.06507929, 0.0568413 , 0.05816339, 0.05560502, 0.05618533, 0.05776367, 0.05488155]
        - [0.13774423, 0.24234133, 0.74457294, 0.90903569, 1.075452  , 1.31341417, 1.45393828, 1.57752252, 1.78049711, 2.03925235, 2.31082398, 2.48774523, 2.57623835, 2.6489737 , 2.69988906, 2.69928292, 2.6107875 , 2.46107643, 2.34228126, 1.99319506, 1.78413275, 1.82594323, 1.74292933, 1.85927119, 1.69263852, 1.58358097, 1.3897299 , 1.22015248, 1.075452  , 0.92113486, 0.81710775, 0.72523777, 0.62620925, 0.54419959, 0.47978474, 0.45273348, 0.39093746, 0.34787854, 0.30558277, 0.2747536 , 0.2800783 , 0.24058073, 0.23823462, 0.20268722, 0.21196359, 0.20095237, 0.14928188, 0.14266406, 0.13665647, 0.12590435, 0.13611338, 0.1128565 , 0.10930069, 0.11336834, 0.10779202, 0.0905812 , 0.10088692, 0.10332596, 0.09239726, 0.10137217, 0.07615171, 0.0799661 , 0.09752811, 0.07957211, 0.08036274, 0.07297943, 0.06623852, 0.07101893, 0.07297943, 0.07297943, 0.07366126, 0.06648502, 0.07331863, 0.06403766, 0.06552714, 0.06264487, 0.06329866, 0.06507682, 0.06182981]
        - [0.14915466, 0.26241636, 0.80625174, 0.98433823, 1.1645401 , 1.42221455, 1.57437936, 1.70820106, 1.92798962, 2.20817958, 2.48774523, 3.10507429, 2.78964834, 2.86840892, 2.923542  , 2.92288565, 2.82705947, 2.66494665, 2.53631075, 2.15830701, 1.93192643, 1.9772004 , 1.8873098 , 2.01328917, 1.83285302, 1.71476137, 1.5048521 , 1.32122726, 1.1645401 , 0.99743967, 0.88479518, 0.78531489, 0.67808307, 0.5892799 , 0.51952907, 0.49023694, 0.42332187, 0.37669604, 0.33089658, 0.29751359, 0.30327938, 0.26050992, 0.25796946, 0.21947739, 0.22952219, 0.21759882, 0.16164807, 0.15448204, 0.14797679, 0.136334  , 0.14738871, 0.12220529, 0.11835492, 0.12275953, 0.11672128, 0.09808475, 0.10924417, 0.11188526, 0.10005125, 0.10976962, 0.08245996, 0.08659032, 0.10560713, 0.08616369, 0.08701982, 0.07902488, 0.07172558, 0.07690198, 0.07902488, 0.07902488, 0.0797632 , 0.07199249, 0.07939218, 0.06934241, 0.07095527, 0.06783424, 0.06854218, 0.07046764, 0.06695166]
        - [0.15446033, 0.27175094, 0.83493142, 1.01935273, 1.20596468, 1.47280502, 1.63038258, 1.76896453, 1.99657133, 2.2867281 , 2.57623835, 2.78964834, 3.43599345, 2.97044286, 3.02753712, 3.02685742, 2.92762254, 2.75974311, 2.62653142, 2.23508148, 2.00064818, 2.04753261, 1.95444446, 2.08490512, 1.89805056, 1.77575821, 1.55838212, 1.36822545, 1.20596468, 1.03292022, 0.91626877, 0.81324981, 0.70220358, 0.61024154, 0.53800956, 0.50767546, 0.43838011, 0.39009573, 0.34266711, 0.30809663, 0.31406751, 0.26977668, 0.26714585, 0.22728456, 0.23768666, 0.22533917, 0.16739815, 0.15997721, 0.15324056, 0.14118362, 0.15263157, 0.12655233, 0.122565  , 0.12712628, 0.12087324, 0.10157378, 0.11313017, 0.1158652 , 0.10361023, 0.1136743 , 0.08539319, 0.08967048, 0.10936374, 0.08922867, 0.09011525, 0.08183593, 0.07427697, 0.07963751, 0.08183593, 0.08183593, 0.0826005 , 0.07455338, 0.08221629, 0.07180903, 0.07347926, 0.07024721, 0.07098033, 0.07297429, 0.06933323]
        - [0.15882123, 0.27942332, 0.85850417, 1.04813227, 1.24001287, 1.51438695, 1.67641343, 1.81890798, 2.05294084, 2.35128965, 2.6489737 , 2.86840892, 2.97044286, 3.1751738 , 3.11301405, 3.11231516, 3.01027857, 2.83765937, 2.70068669, 2.29818489, 2.05713279, 2.10534092, 2.0096246 , 2.14376858, 1.95163852, 1.82589347, 1.60238017, 1.40685477, 1.24001287, 1.06208281, 0.94213793, 0.83621042, 0.722029  , 0.62747059, 0.55319927, 0.52200874, 0.45075697, 0.40110936, 0.35234169, 0.31679517, 0.32293463, 0.27739332, 0.27468822, 0.23370152, 0.24439731, 0.2317012 , 0.17212433, 0.16449388, 0.15756703, 0.14516968, 0.15694084, 0.1301253 , 0.1260254 , 0.13071546, 0.12428587, 0.10444153, 0.11632419, 0.11913644, 0.10653548, 0.11688369, 0.08780411, 0.09220216, 0.11245143, 0.09174787, 0.09265949, 0.08414641, 0.07637405, 0.08188593, 0.08414641, 0.08414641, 0.08493257, 0.07665826, 0.08453752, 0.07383642, 0.07555382, 0.07223051, 0.07298433, 0.07503458, 0.07129073]
        - [0.1618739 , 0.28479406, 0.8750053 , 1.0682782 , 1.26384689, 1.54349467, 1.70863542, 1.85386883, 2.09239998, 2.3964833 , 2.69988906, 2.923542  , 3.02753712, 3.11301405, 3.82692653, 3.17213632, 3.0681385 , 2.89220143, 2.75259603, 2.34235782, 2.09667251, 2.14580724, 2.04825117, 2.1849735 , 1.98915056, 1.86098858, 1.63317918, 1.43389563, 1.26384689, 1.08249688, 0.96024657, 0.85228304, 0.73590697, 0.63953107, 0.56383219, 0.53204216, 0.45942087, 0.408819  , 0.35911397, 0.32288422, 0.32914169, 0.28272504, 0.27996795, 0.23819345, 0.24909482, 0.23615468, 0.1754327 , 0.16765558, 0.16059559, 0.14795995, 0.15995737, 0.13262641, 0.12844771, 0.13322791, 0.12667475, 0.10644898, 0.11856003, 0.12142633, 0.10858317, 0.11913029, 0.08949177, 0.09397436, 0.11461283, 0.09351134, 0.09444048, 0.08576377, 0.07784202, 0.08345984, 0.08576377, 0.08576377, 0.08656504, 0.07813169, 0.08616239, 0.07525562, 0.07700602, 0.07361884, 0.07438715, 0.07647681, 0.07266099]
        - [0.16183756, 0.28473012, 0.87480885, 1.06803837, 1.26356315, 1.54314815, 1.70825182, 1.85345263, 2.09193023, 2.39594528, 2.69928292, 2.92288565, 3.02685742, 3.11231516, 3.17213632, 3.21516818, 3.06744969, 2.89155212, 2.75197806, 2.34183194, 2.09620179, 2.1453255 , 2.04779133, 2.18448296, 1.98870398, 1.86057078, 1.63281253, 1.43357372, 1.26356315, 1.08225386, 0.96003099, 0.8520917 , 0.73574175, 0.63938749, 0.56370561, 0.53192272, 0.45931773, 0.40872722, 0.35903335, 0.32281173, 0.3290678 , 0.28266157, 0.2799051 , 0.23813997, 0.24903889, 0.23610166, 0.17539331, 0.16761794, 0.16055954, 0.14792674, 0.15992146, 0.13259664, 0.12841887, 0.133198  , 0.12664631, 0.10642508, 0.11853341, 0.12139907, 0.1085588 , 0.11910354, 0.08947168, 0.09395326, 0.1145871 , 0.09349035, 0.09441928, 0.08574452, 0.07782454, 0.0834411 , 0.08574452, 0.08574452, 0.08654561, 0.07811415, 0.08614305, 0.07523872, 0.07698873, 0.07360231, 0.07437045, 0.07645964, 0.07264468]
        - [0.15653175, 0.27539531, 0.84612843, 1.03302296, 1.2221375 , 1.49255636, 1.65224715, 1.79268758, 2.02334674, 2.31739472, 2.6107875 , 2.82705947, 2.92762254, 3.01027857, 3.0681385 , 3.06744969, 2.99170143, 2.79675319, 2.66175504, 2.26505548, 2.02747826, 2.07499145, 1.98065493, 2.11286515, 1.92350474, 1.79957236, 1.57928111, 1.3865743 , 1.2221375 , 1.0467724 , 0.92855658, 0.82415605, 0.71162062, 0.61842531, 0.54522464, 0.51448374, 0.44425909, 0.39532718, 0.34726252, 0.31222842, 0.31827938, 0.27339457, 0.27072847, 0.2303326 , 0.24087421, 0.22836112, 0.16964308, 0.16212262, 0.15529563, 0.14307699, 0.15467846, 0.12824948, 0.12420868, 0.12883113, 0.12249424, 0.10293596, 0.11464732, 0.11741903, 0.10499972, 0.11519876, 0.08653837, 0.09087302, 0.11083039, 0.09042529, 0.09132376, 0.0829334 , 0.07527308, 0.0807055 , 0.0829334 , 0.0829334 , 0.08370823, 0.07555319, 0.08331887, 0.07277204, 0.07446467, 0.07118927, 0.07193223, 0.07395293, 0.07026304]
        - [0.14755571, 0.25960324, 0.79760866, 0.97378605, 1.15205615, 1.40696831, 1.55750191, 1.68988902, 1.90732144, 2.18450774, 2.46107643, 2.66494665, 2.75974311, 2.83765937, 2.89220143, 2.89155212, 2.79675319, 2.79343765, 2.50912132, 2.13516981, 1.91121604, 1.95600467, 1.86707771, 1.99170657, 1.81320471, 1.69637901, 1.48871998, 1.30706361, 1.15205615, 0.98674705, 0.87531011, 0.77689626, 0.67081397, 0.58296278, 0.51395968, 0.48498157, 0.41878383, 0.37265783, 0.32734935, 0.29432422, 0.3000282 , 0.25771723, 0.25520401, 0.21712458, 0.22706169, 0.21526615, 0.15991519, 0.15282598, 0.14639047, 0.13487249, 0.1458087 , 0.12089524, 0.11708615, 0.12144354, 0.11547002, 0.09703327, 0.10807307, 0.11068584, 0.09897869, 0.10859288, 0.08157598, 0.08566207, 0.10447501, 0.08524   , 0.08608696, 0.07817773, 0.07095667, 0.07607759, 0.07817773, 0.07817773, 0.07890813, 0.07122073, 0.07854109, 0.06859905, 0.07019463, 0.06710705, 0.0678074 , 0.06971222, 0.06623393]
        - [0.14043326, 0.2470723 , 0.75910841, 0.92678179, 1.09644686, 1.33905451, 1.48232191, 1.60831876, 1.8152558 , 2.07906243, 2.34228126, 2.53631075, 2.62653142, 2.70068669, 2.75259603, 2.75197806, 2.66175504, 2.50912132, 2.3892099 , 2.03210602, 1.81896241, 1.86158911, 1.77695462, 1.89556769, 1.72568204, 1.61449548, 1.41686007, 1.24397217, 1.09644686, 0.93911717, 0.83305924, 0.73939579, 0.63843405, 0.5548234 , 0.48915105, 0.4615717 , 0.3985693 , 0.35466979, 0.31154833, 0.28011731, 0.28554596, 0.24527732, 0.24288542, 0.20664406, 0.21610152, 0.20487534, 0.15219615, 0.14544913, 0.13932426, 0.12836225, 0.13877057, 0.11505968, 0.11143445, 0.11558151, 0.10989633, 0.09234951, 0.10285643, 0.10534308, 0.09420103, 0.10335115, 0.07763834, 0.08152719, 0.09943204, 0.0811255 , 0.08193158, 0.07440412, 0.06753162, 0.07240535, 0.07440412, 0.07440412, 0.07509926, 0.06778293, 0.07474995, 0.0652878 , 0.06680636, 0.06386782, 0.06453437, 0.06634724, 0.06303684]
        - [0.11950353, 0.21024942, 0.6459733 , 0.78865716, 0.93303589, 1.13948606, 1.26140134, 1.36862001, 1.54471581, 1.76920554, 1.99319506, 2.15830701, 2.23508148, 2.29818489, 2.34235782, 2.34183194, 2.26505548, 2.13516981, 2.03210602, 1.94546445, 1.54787   , 1.58414376, 1.51212292, 1.61305828, 1.46849184, 1.37387618, 1.20569572, 1.05857449, 0.93303589, 0.79915411, 0.70890273, 0.62919858, 0.54328385, 0.47213428, 0.41624953, 0.39278051, 0.33916779, 0.30181092, 0.26511615, 0.23836951, 0.24298909, 0.20872197, 0.20668654, 0.17584648, 0.18389443, 0.17434137, 0.12951332, 0.12377185, 0.11855981, 0.10923154, 0.11808864, 0.09791155, 0.09482661, 0.0983556 , 0.09351772, 0.07858603, 0.08752703, 0.08964308, 0.08016161, 0.08794802, 0.06606737, 0.06937664, 0.08461301, 0.06903482, 0.06972075, 0.06331517, 0.05746692, 0.06161429, 0.06331517, 0.06331517, 0.06390671, 0.05768078, 0.06360945, 0.05555751, 0.05684975, 0.05434916, 0.05491637, 0.05645906, 0.05364203]
        - [0.10696904, 0.18819677, 0.57821843, 0.70593646, 0.83517159, 1.01996761, 1.12909543, 1.22506815, 1.3826936 , 1.58363705, 1.78413275, 1.93192643, 2.00064818, 2.05713279, 2.09667251, 2.09620179, 2.02747826, 1.91121604, 1.81896241, 1.54787   , 1.5245864 , 1.41798603, 1.35351932, 1.44386776, 1.31446462, 1.229773  , 1.07923267, 0.94754269, 0.83517159, 0.71533241, 0.63454731, 0.56320317, 0.48629988, 0.42261304, 0.37258993, 0.35158254, 0.30359315, 0.27015457, 0.23730864, 0.2133674 , 0.21750244, 0.18682953, 0.1850076 , 0.15740229, 0.1646061 , 0.15605504, 0.11592892, 0.11078967, 0.10612431, 0.09777446, 0.10570256, 0.0876418 , 0.08488043, 0.08803928, 0.08370883, 0.0703433 , 0.07834649, 0.08024059, 0.07175361, 0.07872333, 0.05913769, 0.06209986, 0.07573811, 0.06179389, 0.06240788, 0.05667416, 0.05143933, 0.05515169, 0.05667416, 0.05667416, 0.05720366, 0.05163075, 0.05693758, 0.0497302 , 0.05088689, 0.04864858, 0.0491563 , 0.05053718, 0.04801562]
        - [0.10947582, 0.19260709, 0.59176876, 0.72247982, 0.85474352, 1.04387017, 1.15555536, 1.25377716, 1.41509651, 1.62074899, 1.82594323, 1.9772004 , 2.04753261, 2.10534092, 2.14580724, 2.1453255 , 2.07499145, 1.95600467, 1.86158911, 1.58414376, 1.41798603, 1.72719363, 1.38523853, 1.47770426, 1.34526861, 1.25859227, 1.10452408, 0.969748  , 0.85474352, 0.73209595, 0.64941769, 0.57640163, 0.49769613, 0.43251682, 0.38132144, 0.35982174, 0.31070774, 0.27648554, 0.24286988, 0.21836759, 0.22259953, 0.19120781, 0.18934318, 0.16109096, 0.16846359, 0.15971213, 0.11864567, 0.11338598, 0.10861129, 0.10006577, 0.10817966, 0.08969565, 0.08686958, 0.09010245, 0.08567052, 0.07199177, 0.08018251, 0.082121  , 0.07343513, 0.08056818, 0.06052356, 0.06355515, 0.07751301, 0.06324201, 0.06387039, 0.0580023 , 0.05264479, 0.05644415, 0.0580023 , 0.0580023 , 0.0585442 , 0.0528407 , 0.05827189, 0.0508956 , 0.05207941, 0.04978864, 0.05030826, 0.0517215 , 0.04914085]
        - [0.10449865, 0.18385049, 0.56486484, 0.6896333 , 0.81588382, 0.9964121 , 1.10301968, 1.19677597, 1.35076116, 1.54706394, 1.74292933, 1.8873098 , 1.95444446, 2.0096246 , 2.04825117, 2.04779133, 1.98065493, 1.86707771, 1.77695462, 1.51212292, 1.35351932, 1.38523853, 1.45923767, 1.41052255, 1.28410789, 1.20137217, 1.05430847, 0.92565979, 0.81588382, 0.69881226, 0.61989284, 0.55019635, 0.47506909, 0.41285306, 0.3639852 , 0.34346296, 0.29658186, 0.26391552, 0.23182814, 0.20843982, 0.21247936, 0.18251482, 0.18073496, 0.15376719, 0.16080463, 0.15245105, 0.11325161, 0.10823105, 0.10367343, 0.09551642, 0.10326142, 0.08561776, 0.08292017, 0.08600607, 0.08177563, 0.06871877, 0.07653713, 0.07838749, 0.07009651, 0.07690526, 0.05777194, 0.0606657 , 0.07398899, 0.0603668 , 0.06096661, 0.05536531, 0.05025137, 0.05387799, 0.05536531, 0.05536531, 0.05588258, 0.05043837, 0.05562264, 0.04858171, 0.04971169, 0.04752507, 0.04802106, 0.04937006, 0.04690673]
        - [0.11147402, 0.19612265, 0.60256999, 0.73566685, 0.87034469, 1.06292336, 1.17664709, 1.27666168, 1.4409255 , 1.65033164, 1.85927119, 2.01328917, 2.08490512, 2.14376858, 2.1849735 , 2.18448296, 2.11286515, 1.99170657, 1.89556769, 1.61305828, 1.44386776, 1.47770426, 1.41052255, 1.7480679 , 1.36982307, 1.28156468, 1.12468436, 0.98744829, 0.87034469, 0.74545851, 0.66127116, 0.58692238, 0.50678031, 0.44041131, 0.38828149, 0.36638937, 0.31637892, 0.28153208, 0.24730285, 0.22235333, 0.22666252, 0.19469782, 0.19279916, 0.16403126, 0.17153846, 0.16262727, 0.12081125, 0.11545555, 0.11059371, 0.10189222, 0.1101542 , 0.09133281, 0.08845516, 0.09174704, 0.08723422, 0.0733058 , 0.08164604, 0.08361991, 0.0747755 , 0.08203874, 0.06162826, 0.06471518, 0.07892781, 0.06439633, 0.06503618, 0.05906099, 0.05360569, 0.05747439, 0.05906099, 0.05906099, 0.05961278, 0.05380517, 0.0593355 , 0.05182457, 0.05302998, 0.05069741, 0.05122651, 0.05266554, 0.05003779]
        - [0.10148343, 0.17854563, 0.54856612, 0.6697345 , 0.79234216, 0.96766144, 1.07119295, 1.16224398, 1.31178605, 1.50242467, 1.69263852, 1.83285302, 1.89805056, 1.95163852, 1.98915056, 1.98870398, 1.92350474, 1.81320471, 1.72568204, 1.46849184, 1.31446462, 1.34526861, 1.28410789, 1.36982307, 1.25844444, 1.16670755, 1.02388725, 0.89895063, 0.79234216, 0.6786486 , 0.60200634, 0.53432088, 0.46136136, 0.40094052, 0.35348271, 0.33355262, 0.28802423, 0.25630045, 0.22513893, 0.20242546, 0.20634844, 0.1772485 , 0.17552   , 0.14933036, 0.15616474, 0.1480522 , 0.10998383, 0.10510813, 0.10068202, 0.09276037, 0.1002819 , 0.08314733, 0.08052758, 0.08352443, 0.07941606, 0.06673594, 0.07432871, 0.07612568, 0.06807393, 0.07468622, 0.05610498, 0.05891524, 0.0718541 , 0.05862496, 0.05920747, 0.05376779, 0.04880141, 0.05232339, 0.05376779, 0.05376779, 0.05427013, 0.04898301, 0.0540177 , 0.04717992, 0.0482773 , 0.04615378, 0.04663546, 0.04794552, 0.04555328]
        - [0.0949448 , 0.16704185, 0.51322173, 0.62658317, 0.74129116, 0.90531452, 1.00217545, 1.08736001, 1.22726702, 1.4056227 , 1.58358097, 1.71476137, 1.77575821, 1.82589347, 1.86098858, 1.86057078, 1.79957236, 1.69637901, 1.61449548, 1.37387618, 1.229773  , 1.25859227, 1.20137217, 1.28156468, 1.16670755, 1.10969788, 0.95791768, 0.84103079, 0.74129116, 0.63492293, 0.56321877, 0.49989432, 0.43163561, 0.37510772, 0.33070764, 0.31206165, 0.26946668, 0.23978689, 0.21063312, 0.18938308, 0.19305331, 0.16582829, 0.16421116, 0.13970893, 0.14610297, 0.13851312, 0.10289752, 0.09833596, 0.09419503, 0.08678378, 0.09382069, 0.07779011, 0.07533915, 0.07814291, 0.07429925, 0.06243611, 0.06953968, 0.07122086, 0.06368789, 0.06987415, 0.05249011, 0.0551193 , 0.0672245 , 0.05484773, 0.0553927 , 0.0503035 , 0.04565711, 0.04895217, 0.0503035 , 0.0503035 , 0.05077348, 0.04582701, 0.05053731, 0.0441401 , 0.04516677, 0.04318007, 0.04363071, 0.04485637, 0.04261826]
        - [0.08332231, 0.14659373, 0.45039666, 0.54988117, 0.6505474 , 0.79449216, 0.87949604, 0.95425289, 1.07703344, 1.23355605, 1.3897299 , 1.5048521 , 1.55838212, 1.60238017, 1.63317918, 1.63281253, 1.57928111, 1.48871998, 1.41686007, 1.20569572, 1.07923267, 1.10452408, 1.05430847, 1.12468436, 1.02388725, 0.95791768, 0.91187717, 0.7380776 , 0.6505474 , 0.55720004, 0.49427341, 0.4387007 , 0.37879776, 0.32918962, 0.29022469, 0.27386122, 0.23648043, 0.21043383, 0.18484886, 0.16620011, 0.16942105, 0.14552874, 0.14410956, 0.12260672, 0.12821805, 0.1215573 , 0.09030151, 0.08629835, 0.08266432, 0.0761603 , 0.0823358 , 0.06826758, 0.06611665, 0.06857719, 0.06520404, 0.05479311, 0.06102711, 0.0625025 , 0.05589166, 0.06132064, 0.04606463, 0.04837198, 0.05899534, 0.04813365, 0.04861191, 0.04414569, 0.04006808, 0.04295978, 0.04414569, 0.04414569, 0.04455814, 0.04021719, 0.04435088, 0.03873677, 0.03963777, 0.03789426, 0.03828974, 0.03936536, 0.03740122]
        - [0.07315517, 0.1287061 , 0.39543843, 0.48278365, 0.5711664 , 0.69754675, 0.7721783 , 0.83781318, 0.94561183, 1.08303525, 1.22015248, 1.32122726, 1.36822545, 1.40685477, 1.43389563, 1.43357372, 1.3865743 , 1.30706361, 1.24397217, 1.05857449, 0.94754269, 0.969748  , 0.92565979, 0.98744829, 0.89895063, 0.84103079, 0.7380776 , 0.65224027, 0.5711664 , 0.48920946, 0.43396125, 0.38516963, 0.33257615, 0.28902129, 0.25481093, 0.24044416, 0.20762465, 0.1847563 , 0.16229326, 0.14592006, 0.14874798, 0.12777105, 0.12652505, 0.10764602, 0.11257265, 0.10672465, 0.07928275, 0.07576806, 0.07257747, 0.06686708, 0.07228904, 0.05993744, 0.05804897, 0.06020928, 0.05724773, 0.04810716, 0.05358047, 0.05487583, 0.04907166, 0.05383818, 0.04044374, 0.04246954, 0.05179662, 0.04226029, 0.04268019, 0.03875896, 0.0351789 , 0.03771775, 0.03875896, 0.03875896, 0.03912107, 0.03530981, 0.0389391 , 0.03401004, 0.03480109, 0.03327033, 0.03361755, 0.03456193, 0.03283746]
        - [0.06447954, 0.11344256, 0.34854254, 0.42552931, 0.50343056, 0.6148232 , 0.68060403, 0.73845513, 0.8334697 , 0.9545958 , 1.075452  , 1.1645401 , 1.20596468, 1.24001287, 1.26384689, 1.26356315, 1.2221375 , 1.15205615, 1.09644686, 0.93303589, 0.83517159, 0.85474352, 0.81588382, 0.87034469, 0.79234216, 0.74129116, 0.6505474 , 0.5711664 , 0.54733271, 0.43119306, 0.38249686, 0.33949154, 0.29313524, 0.25474564, 0.22459236, 0.21192938, 0.183002  , 0.16284566, 0.14304656, 0.12861509, 0.13110764, 0.11261841, 0.11152017, 0.09488005, 0.09922242, 0.09406795, 0.06988044, 0.06678257, 0.06397035, 0.05893717, 0.06371612, 0.05282933, 0.05116482, 0.05306893, 0.0504586 , 0.04240203, 0.04722624, 0.04836798, 0.04325214, 0.0474534 , 0.03564743, 0.03743299, 0.04565395, 0.03724855, 0.03761866, 0.03416245, 0.03100696, 0.03324472, 0.03416245, 0.03416245, 0.03448162, 0.03112235, 0.03432123, 0.02997671, 0.03067396, 0.02932473, 0.02963078, 0.03046315, 0.02894319]
        - [0.05522734, 0.09716464, 0.29853   , 0.3644699 , 0.43119306, 0.52660192, 0.58294382, 0.63249384, 0.71387473, 0.81762038, 0.92113486, 0.99743967, 1.03292022, 1.06208281, 1.08249688, 1.08225386, 1.0467724 , 0.98674705, 0.93911717, 0.79915411, 0.71533241, 0.73209595, 0.69881226, 0.74545851, 0.6786486 , 0.63492293, 0.55720004, 0.48920946, 0.43119306, 0.41438468, 0.3276122 , 0.29077773, 0.25107312, 0.21819206, 0.19236549, 0.18151953, 0.15674295, 0.13947885, 0.12252074, 0.11016005, 0.11229494, 0.09645874, 0.09551809, 0.08126567, 0.08498494, 0.08057009, 0.05985326, 0.05719991, 0.05479121, 0.05048025, 0.05457347, 0.04524883, 0.04382316, 0.04545404, 0.04321827, 0.03631774, 0.04044973, 0.04142764, 0.03704587, 0.04064428, 0.03053236, 0.03206171, 0.03910304, 0.03190374, 0.03222074, 0.02926046, 0.02655776, 0.02847442, 0.02926046, 0.02926046, 0.02953384, 0.02665659, 0.02939646, 0.02567534, 0.02627254, 0.02511691, 0.02537904, 0.02609198, 0.02479012]
        - [0.04899032, 0.08619148, 0.26481592, 0.32330899, 0.38249686, 0.46713084, 0.51710985, 0.56106401, 0.63325426, 0.72528353, 0.81710775, 0.88479518, 0.91626877, 0.94213793, 0.96024657, 0.96003099, 0.92855658, 0.87531011, 0.83305924, 0.70890273, 0.63454731, 0.64941769, 0.61989284, 0.66127116, 0.60200634, 0.56321877, 0.49427341, 0.43396125, 0.38249686, 0.3276122 , 0.29228771, 0.25793915, 0.22271852, 0.19355084, 0.17064096, 0.16101987, 0.1390414 , 0.123727  , 0.10868402, 0.09771927, 0.09961307, 0.0855653 , 0.08473088, 0.07208804, 0.07538728, 0.07147102, 0.05309382, 0.05074011, 0.04860344, 0.04477933, 0.04841029, 0.04013871, 0.03887405, 0.04032075, 0.03833747, 0.03221624, 0.03588159, 0.03674906, 0.03286215, 0.03605418, 0.02708423, 0.02844086, 0.03468699, 0.02830073, 0.02858193, 0.02595597, 0.02355849, 0.0252587 , 0.02595597, 0.02595597, 0.02619847, 0.02364616, 0.02607661, 0.02277573, 0.02330548, 0.02228037, 0.02251289, 0.02314532, 0.02199048]
